2.333066565771678924e+00
2.333066565771687806e+00
2.333066565771696688e+00
2.333066565771702905e+00
2.333066565771703793e+00
2.333066565771705125e+00
2.333066565771705569e+00
2.333066565771706458e+00
2.333066565771707346e+00
2.333066565771707346e+00
2.333066565771707346e+00
2.333066565771707346e+00
2.333066565771707790e+00
2.333066565771707790e+00
2.333066565771707790e+00
2.333066565771707790e+00
2.333066565771707790e+00
2.333066565771707790e+00
2.333066565771707790e+00
2.333066565771707790e+00
2.333066565771707790e+00
2.333066565771707790e+00
2.333066565771707790e+00
2.333066565771707790e+00
2.333066565771707790e+00
2.333066565771707790e+00
2.333066565771707790e+00
2.333066565771707790e+00
2.333066565771707790e+00
2.333066565771707790e+00
2.333066565771707790e+00
2.333066565771707790e+00
2.333066565771707790e+00
2.333066565771707790e+00
2.333066565771707790e+00
2.333066565771707790e+00
2.333066565771707790e+00
2.333066565771707790e+00
2.333066565771707790e+00
2.333066565771707790e+00
2.333066565771707790e+00
2.333066565771707790e+00
2.333066565771707790e+00
2.333066565771707790e+00
2.333066565771707790e+00
2.333066565771707790e+00
2.333066565771707790e+00
2.333066565771707790e+00
2.333066565771707790e+00
2.333066565771707790e+00
2.333066565771707790e+00
2.333066565771707790e+00
2.333066565771707790e+00
2.333066565771707790e+00
2.333066565771707790e+00
2.333066565771707790e+00
2.333066565771707790e+00
2.333066565771707790e+00
2.333066565771707790e+00
2.333066565771707790e+00
2.333066565771707790e+00
2.333066565771707790e+00
2.333066565771707790e+00
2.333066565771707790e+00
2.333066565771707790e+00
2.333066565771707790e+00
2.333066565771707790e+00
2.333066565771707790e+00
2.333066565771707790e+00
2.333066565771707790e+00
2.333066565771707790e+00
2.333066565771707790e+00
2.333066565771707790e+00
2.333066565771707790e+00
2.333066565771707790e+00
2.333066565771707790e+00
2.333066565771707790e+00
2.333066565771707790e+00
2.333066565771707790e+00
2.333066565771707790e+00
2.333066565771707790e+00
2.333066565771707790e+00
2.333066565771707790e+00
2.333066565771707790e+00
2.333066565771707790e+00
2.333066565771707790e+00
2.333066565771707790e+00
2.333066565771707790e+00
2.333066565771707790e+00
2.333066565771707790e+00
2.333066565771707790e+00
2.333066565771707790e+00
2.333066565771707790e+00
2.333066565771707790e+00
2.333066565771707790e+00
2.333066565771707790e+00
2.333066565771707790e+00
2.333066565771707790e+00
2.333066565771707790e+00
2.333066565771707790e+00
2.333066565771707790e+00
2.333066565771707790e+00
2.333066565771707790e+00
2.333066565771707790e+00
2.333066565771707790e+00
2.333066565771707790e+00
2.333066565771707790e+00
2.333066565771707790e+00
2.333066565771707790e+00
2.333066565771707790e+00
2.333066565771707790e+00
2.333066565771707790e+00
2.333066565771707790e+00
2.333066565771707790e+00
2.333066565771707790e+00
2.333066565771707790e+00
2.333066565771707790e+00
2.333066565771707790e+00
2.333066565771707790e+00
2.333066565771707790e+00
2.333066565771707790e+00
2.333066565771707790e+00
2.333066565771707790e+00
2.333066565771707790e+00
2.333066565771707790e+00
2.333066565771707790e+00
2.333066565771707790e+00
2.333066565771707790e+00
2.333066565771707790e+00
2.333066565771707790e+00
2.333066565771707790e+00
2.333066565771707790e+00
2.333066565771707790e+00
2.333066565771707790e+00
2.333066565771707790e+00
2.333066565771707790e+00
2.333066565771707790e+00
2.333066565771707790e+00
2.333066565771707790e+00
2.333066565771707790e+00
2.333066565771707790e+00
2.333066565771707790e+00
2.333066565771707790e+00
2.333066565771707790e+00
2.333066565771707790e+00
2.333066565771707790e+00
2.333066565771707790e+00
2.333066565771707346e+00
2.333066565771706902e+00
2.333066565771705569e+00
2.333066565771704681e+00
2.333066565771703349e+00
2.333066565771702017e+00
2.333066565771694911e+00
2.333066565771686918e+00
2.333066565771681589e+00
2.333066565771671819e+00
2.333066565771660272e+00
2.333066565771631851e+00
2.333066565771598988e+00
2.333066565771424461e+00
2.333066565769371437e+00
2.333066565764999822e+00
2.333066565761964029e+00
2.333066565738942444e+00
2.333066565701800155e+00
2.333066565677210935e+00
2.333066560109219090e+00
2.333066425860770288e+00
2.333066484735434543e+00
2.333066499049160747e+00
2.333066547252996337e+00
2.333066560338830975e+00
2.333066559915042859e+00
2.333066528912552506e+00
2.333064582390099506e+00
2.332537483793391431e+00
2.320964874068590866e+00
2.148620031051807544e+00
2.103819276895590562e+00
2.013987163351959264e+00
2.094166930931310677e+00
1.527420287079972017e+00
5.902525815637649220e-01
7.158076249845464201e-01
1.232876904368716442e+00
1.313799734570784361e+00
1.313799734570784361e+00
1.334550878082668479e+00
1.321750306845270284e+00
1.410842734031058976e+00
1.448801697181365755e+00
1.469575671039763387e+00
1.471881422489904168e+00
1.483595130854248545e+00
1.518579537752215325e+00
1.480413772026435870e+00
1.524298524871061655e+00
1.493509317449183582e+00
2.098564305283471043e+00
1.206981488831696536e+00
1.206981488831696536e+00
1.206981488831696536e+00
1.206981488831696536e+00
1.206981488831696536e+00
1.206981488831696536e+00
1.206981488831696536e+00
1.206981488831696536e+00
1.206981488831696536e+00
1.206981488831696536e+00
1.206981488831696536e+00
1.206981488831696536e+00
1.206981488831696536e+00
1.206981488831696536e+00
1.206981488831696536e+00
1.206981488831696536e+00
1.206981488831696536e+00
1.206981488831696536e+00
1.206981488831696536e+00
1.206981488831696536e+00
1.206981488831696536e+00
1.206981488831696536e+00
1.206981488831696536e+00
1.206981488831696536e+00
1.206981488831696536e+00
1.206981488831696536e+00
1.206981488831696536e+00
1.206981488831696536e+00
1.206981488831696536e+00
1.206981488831696536e+00
1.206981488831696536e+00
1.206981488831696536e+00
1.206981488831696536e+00
1.206981488831696536e+00
1.206981488831696536e+00
1.206981488831696536e+00
1.206981488831696536e+00
1.206981488831696536e+00
1.206981488831696536e+00
1.206981488831696536e+00
1.206981488831696536e+00
1.206981488831696536e+00
1.206981488831696536e+00
1.206981488831696536e+00
1.206981488831696536e+00
1.206981488831696536e+00
1.206981488831696536e+00
1.206981488831696536e+00
1.206981488831696536e+00
1.206981488831696536e+00
1.206981488831696536e+00
1.171573585010850849e+00
1.189319636390306911e+00
1.206981488831696536e+00
1.206981488831696536e+00
1.206981488831696536e+00
1.206981488831696536e+00
1.189319636390306911e+00
1.168197528053994461e+00
1.168197528053994461e+00
1.168197528053994461e+00
1.168197528053994461e+00
1.168197528053994461e+00
1.168197528053994461e+00
1.168197528053994461e+00
1.168197528053994461e+00
1.168197528053994461e+00
1.168197528053994461e+00
1.168197528053994461e+00
1.168197528053994461e+00
1.168197528053994461e+00
1.168197528053994461e+00
1.168197528053994461e+00
1.168197528053994461e+00
1.168197528053994461e+00
1.168197528053994461e+00
1.168197528053994461e+00
1.168197528053994461e+00
1.168197528053994461e+00
1.168197528053994461e+00
1.168197528053994461e+00
1.168197528053994461e+00
1.168197528053994461e+00
1.168197528053994461e+00
1.168197528053994461e+00
1.168197528053994461e+00
1.168197528053994461e+00
1.168197528053994461e+00
1.168197528053994461e+00
1.168197528053994461e+00
1.168197528053994461e+00
1.168197528053994461e+00
1.168852810292346334e+00
1.221360792967260078e+00
1.221360792967260078e+00
1.221360792967260078e+00
1.221360792967260078e+00
1.221360792967260078e+00
1.182300035762960277e+00
1.177366795216502116e+00
1.170615825183362713e+00
1.168197528053994461e+00
1.202977579197792135e+00
1.168197528053994461e+00
1.211729155581081852e+00
1.221360792967260078e+00
1.221360792967260078e+00
1.221360792967260078e+00
1.221360792967260078e+00
1.221360792967260078e+00
1.211729155581081852e+00
1.188232951842463692e+00
1.221360792967260078e+00
1.221360792967260078e+00
1.211729155581081852e+00
1.221360792967260078e+00
1.195135524298713392e+00
1.168197528053994461e+00
1.168197528053994461e+00
1.168197528053994461e+00
1.168197528053994461e+00
1.168197528053994461e+00
1.168197528053994461e+00
1.168197528053994461e+00
1.168197528053994461e+00
1.168197528053994461e+00
1.168197528053994461e+00
1.168197528053994461e+00
1.168197528053994461e+00
1.168197528053994461e+00
1.168197528053994461e+00
1.168197528053994461e+00
1.168197528053994461e+00
1.168197528053994461e+00
1.168197528053994461e+00
1.168197528053994461e+00
1.168197528053994461e+00
1.168197528053994461e+00
1.168197528053994461e+00
1.168197528053994461e+00
1.168197528053994461e+00
1.168197528053994461e+00
1.168197528053994461e+00
1.168197528053994461e+00
1.168197528053994461e+00
1.168197528053994461e+00
1.168197528053994461e+00
1.168197528053994461e+00
1.168197528053994461e+00
1.168197528053994461e+00
1.168197528053994461e+00
1.168197528053994461e+00
1.168197528053994461e+00
1.168197528053994461e+00
1.168197528053994461e+00
1.168197528053994461e+00
1.168197528053994461e+00
1.168197528053994461e+00
1.168197528053994461e+00
1.168197528053994461e+00
1.168197528053994461e+00
1.168197528053994461e+00
1.168197528053994461e+00
1.168197528053994461e+00
1.168197528053994461e+00
1.168197528053994461e+00
1.168197528053994461e+00
1.168197528053994461e+00
1.168197528053994461e+00
1.168197528053994461e+00
1.168197528053994461e+00
1.168197528053994461e+00
1.168197528053994461e+00
1.168197528053994461e+00
1.168197528053994461e+00
1.168197528053994461e+00
1.168197528053994461e+00
1.168197528053994461e+00
1.168197528053994461e+00
1.168197528053994461e+00
1.168197528053994461e+00
1.168197528053994461e+00
1.168197528053994461e+00
1.168197528053994461e+00
1.168197528053994461e+00
1.168197528053994461e+00
1.168197528053994461e+00
1.168197528053994461e+00
1.168197528053994461e+00
1.168197528053994461e+00
1.168197528053994461e+00
1.168197528053994461e+00
1.168197528053994461e+00
1.168197528053994461e+00
1.168197528053994461e+00
1.168197528053994461e+00
1.168197528053994461e+00
1.176255354482791393e+00
1.165414646753350159e+00
1.168197528053994461e+00
3.765601333089087177e+00
3.765908509083356837e+00
3.766074124841574999e+00
3.766187071778274387e+00
3.766168436577108647e+00
3.765779894531854133e+00
3.764961461025140732e+00
3.765223585529251515e+00
3.765713100877866815e+00
3.766152886703889813e+00
3.766182181631527293e+00
3.766182886789677831e+00
3.765742782890927121e+00
3.765547225606651338e+00
3.765898147500158721e+00
3.765812421173093227e+00
3.766098935593486630e+00
3.766133917466324199e+00
3.766298704500452565e+00
3.766263263296337982e+00
3.765801969460621734e+00
3.765403603425009571e+00
3.766005236375490117e+00
3.766078297033523370e+00
3.766266242548239163e+00
3.766186286181683940e+00
3.766112488571496719e+00
3.766241902641899397e+00
3.766289972800051622e+00
3.766328883812298134e+00
3.766321646655765853e+00
3.766316275241427647e+00
3.766322361339626390e+00
3.766344162223207448e+00
3.766343902290391732e+00
3.766352260846554501e+00
3.766306537928491238e+00
3.766262712193016782e+00
3.766092609924291956e+00
3.766076887054432554e+00
3.766201442229522023e+00
3.766255044728548995e+00
3.766271248344111200e+00
3.766250697096748201e+00
3.766221359385021117e+00
3.766155563675459561e+00
3.766182845017097769e+00
3.766219435940786564e+00
3.766342028430088362e+00
3.766369648019852079e+00
3.766371748673240205e+00
3.766368082819568919e+00
3.766354362052785731e+00
3.766382747448613788e+00
3.766383695825574307e+00
3.766384431539899325e+00
3.766385512629332855e+00
3.766386325970265680e+00
3.766385177932223272e+00
3.766385215765020611e+00
3.766383770260404162e+00
3.766382161407513252e+00
3.766385039465588225e+00
3.766386264335393363e+00
3.766386333902346006e+00
3.766385796713848766e+00
3.766385208717307531e+00
3.766384093908043518e+00
3.766383319685131958e+00
3.766384204013819570e+00
3.766385082433606701e+00
3.766385463089918062e+00
3.766383254576889605e+00
3.766385285350277279e+00
3.766383645954248571e+00
3.766385246112698315e+00
3.766385463967313996e+00
3.766383003359153658e+00
3.766382532071712141e+00
3.766381884756108356e+00
3.766381570445592519e+00
3.766381705817119840e+00
3.766381492791104346e+00
3.766378320930086510e+00
3.766377427197588279e+00
3.766362485637264612e+00
3.766380210959216601e+00
3.766384280538819240e+00
3.766385829635122029e+00
3.766386035294877033e+00
3.766384784455295787e+00
3.766383500546584884e+00
3.766382975768132191e+00
3.766382190920921857e+00
3.766382805996930205e+00
3.766382855854908840e+00
3.766383264716470780e+00
3.766380396927742513e+00
3.766367209059311438e+00
3.766376142475957423e+00
3.766371958304699064e+00
3.766377342530891070e+00
3.766368967232637921e+00
3.766181893709905637e+00
3.766246771041403818e+00
3.766324634033733076e+00
3.766256552382275302e+00
3.765536603193494702e+00
3.765213656733754632e+00
3.764354080644524814e+00
3.765102358568248597e+00
3.765173121474932216e+00
3.763646739169839606e+00
3.759321794861028021e+00
3.748074077921029978e+00
3.759385862432027992e+00
3.764015568426798630e+00
3.763250495942183083e+00
3.760852709731199006e+00
3.760437971892821807e+00
3.747449085746801245e+00
3.731585991716524386e+00
3.736599986950367658e+00
3.680475175305803148e+00
3.660666862650395537e+00
3.601156765434579299e+00
3.465062432009204052e+00
3.481100449295220667e+00
3.479830733934373477e+00
3.427986775045289036e+00
3.284915726015809057e+00
3.320656944983713110e+00
3.409323872097582253e+00
3.557924221043166302e+00
3.543505134290859893e+00
3.478532245503167086e+00
3.505976970407449489e+00
3.453816961664837759e+00
3.480410059151505031e+00
3.466700748782985286e+00
3.426151364885070549e+00
3.477250018658912367e+00
3.437863836726052558e+00
3.355115938758350236e+00
3.227281118387000713e+00
3.025566971776715519e+00
2.957887528379136377e+00
2.814554459497279559e+00
2.695406351410071455e+00
2.676858330426412191e+00
2.495435810063050486e+00
2.495435810063050486e+00
2.495435810063050486e+00
2.516677363066779360e+00
2.632655400434080750e+00
2.642956262491302777e+00
2.507404113008671054e+00
2.445015191668752585e+00
2.445015191668752585e+00
2.459595190931960218e+00
2.447831843419296050e+00
2.447831843419296050e+00
2.273706748915086617e+00
2.121051668684238223e+00
2.110820845151684999e+00
2.015283663222617427e+00
2.015283663222617427e+00
2.015283663222617427e+00
2.015283663222617427e+00
2.015283663222617427e+00
2.015283663222617427e+00
2.015283663222617427e+00
2.015283663222617427e+00
2.015283663222617427e+00
2.015283663222617427e+00
2.015283663222617427e+00
2.015283663222617427e+00
1.982595154219483957e+00
1.875614465524905405e+00
1.875614465524905405e+00
1.875614465524905405e+00
1.875614465524905405e+00
1.875614465524905405e+00
1.875614465524905405e+00
1.966794085149028648e+00
1.889151739983125244e+00
2.038511463473788865e+00
1.949339089261290514e+00
1.829162160634180578e+00
1.692465930576441346e+00
1.792695435289013428e+00
1.815348518258956823e+00
1.815348518258956823e+00
1.815348518258956823e+00
1.815348518258956823e+00
1.815348518258956823e+00
1.815348518258956823e+00
1.815348518258956823e+00
1.780871146802592397e+00
1.692465930576441346e+00
2.333066560475677065e+00
2.333066560421418689e+00
2.333066561965314811e+00
2.333066562499851671e+00
2.333066562694161128e+00
2.333066563597197884e+00
2.333066564659479258e+00
2.333066564813022659e+00
2.333066565067928089e+00
2.333066565172376539e+00
2.333066565473961518e+00
2.333066565555940830e+00
2.333066565616133570e+00
2.333066565575430573e+00
2.333066565561248140e+00
2.333066565592551989e+00
2.333066565596915609e+00
2.333066565623822530e+00
2.333066565662114122e+00
2.333066565727847319e+00
2.333066565753897148e+00
2.333066565754324806e+00
2.333066565758666222e+00
2.333066565764075229e+00
2.333066565764575273e+00
2.333066565765064215e+00
2.333066565768223910e+00
2.333066565767598632e+00
2.333066565770395950e+00
2.333066565771347189e+00
2.333066565771368062e+00
2.333066565771496848e+00
2.333066565771527934e+00
2.333066565771583001e+00
2.333066565771643397e+00
2.333066565771648726e+00
2.333066565771660716e+00
2.333066565771675371e+00
2.333066565771684253e+00
2.333066565771681589e+00
2.333066565771683365e+00
2.333066565771687806e+00
2.333066565771694023e+00
2.333066565771684697e+00
2.333066565771673595e+00
2.333066565771694023e+00
2.333066565771699796e+00
2.333066565771701573e+00
2.333066565771700240e+00
2.333066565771697576e+00
2.333066565771697576e+00
2.333066565771699796e+00
2.333066565771701129e+00
2.333066565771701573e+00
2.333066565771702905e+00
2.333066565771703793e+00
2.333066565771703349e+00
2.333066565771703793e+00
2.333066565771703793e+00
2.333066565771702905e+00
2.333066565771697576e+00
2.333066565771694467e+00
2.333066565771689582e+00
2.333066565771694911e+00
2.333066565771696688e+00
2.333066565771699352e+00
2.333066565771700240e+00
2.333066565771702017e+00
2.333066565771704237e+00
2.333066565771702017e+00
2.333066565771697576e+00
2.333066565771698464e+00
2.333066565771694467e+00
2.333066565771686030e+00
2.333066565771681589e+00
2.333066565771679368e+00
2.333066565771648726e+00
2.333066565771613199e+00
2.333066565771364509e+00
2.333066565770281819e+00
2.333066565769561507e+00
2.333066565767605738e+00
2.333066565765801847e+00
2.333066565762974776e+00
2.333066565759262190e+00
2.333066565757822453e+00
2.333066565754466914e+00
2.333066565742328180e+00
2.333066565726632291e+00
2.333066565709533968e+00
2.333066565686761962e+00
2.333066565659888347e+00
2.333066565551934701e+00
2.333066565426198835e+00
2.333066564969621837e+00
2.333066563390395309e+00
2.333066562803465693e+00
2.333066562455829107e+00
2.333066560112983190e+00
2.333066556188493124e+00
2.333066553029330414e+00
2.333066539979210319e+00
2.333066523668605008e+00
2.333066494436165428e+00
2.333066459148388283e+00
2.333065858995079012e+00
2.333050933626791945e+00
2.333016558054200829e+00
2.332994814687514573e+00
2.333010272892064307e+00
2.333034367301417333e+00
2.333047927621705764e+00
2.333028889453493182e+00
2.332941704293739704e+00
2.332835170870377617e+00
2.332812936962014305e+00
2.332951197546377919e+00
2.332794384996742298e+00
2.323464157164907284e+00
2.264546844682092885e+00
1.636009111337165089e+00
9.780885416741627036e-01
8.835182239250509717e-01
8.835182239250509717e-01
1.199510780854976977e+00
1.324292215298506603e+00
1.147097877301903823e+00
1.045525647607658426e+00
7.958547188079789780e-01
8.574866096018181061e-01
9.679954690032548381e-01
1.164956377155865308e+00
1.180044057953446801e+00
1.291151215336046709e+00
1.710396388927312605e+00
2.074601636048170050e+00
1.779538534477876022e+00
2.047999658420173841e+00
1.963942268556019055e+00
1.605396083403836105e+00
1.532246888945226759e+00
1.341921711974118692e+00
1.358040336653201230e+00
1.310610825675880609e+00
1.105759382508593403e+00
1.035626683948781102e+00
1.035626683948781102e+00
1.223829390132968653e+00
1.669063687182790856e+00
1.996155207931483488e+00
1.979054634879687580e+00
1.525342951250663326e+00
1.465659369131568024e+00
1.465659369131568024e+00
1.777582472107808176e+00
2.004890713543181491e+00
2.004890713543181491e+00
2.004890713543181491e+00
2.004890713543181491e+00
2.004890713543181491e+00
2.004890713543181491e+00
2.004890713543181491e+00
2.004890713543181491e+00
2.004890713543181491e+00
2.004890713543181491e+00
2.004890713543181491e+00
1.992730299670913752e+00
1.994214675520876945e+00
1.953030018063565354e+00
1.953030018063565354e+00
2.004589470920094207e+00
1.998420154670036641e+00
1.800895311890608141e+00
1.800895311890608141e+00
1.900576046915161577e+00
1.994971780659060556e+00
2.004890713543181491e+00
2.004890713543181491e+00
2.004890713543181491e+00
2.004890713543181491e+00
1.972600002846357947e+00
1.914747518571966456e+00
1.914747518571966456e+00
1.914747518571966456e+00
1.914747518571966456e+00
1.914747518571966456e+00
1.914747518571966456e+00
1.914747518571966456e+00
1.914747518571966456e+00
1.913445890283759887e+00
1.930370074333130459e+00
1.930370074333130459e+00
1.930370074333130459e+00
1.930370074333130459e+00
1.930370074333130459e+00
1.883026459282296949e+00
1.805091634162890424e+00
1.805091634162890424e+00
1.805091634162890424e+00
1.805091634162890424e+00
3.766385143813032244e+00
3.766384801607203681e+00
3.766384812164952578e+00
3.766384747977030045e+00
3.766385267881602772e+00
3.766385489203042169e+00
3.766385580585060566e+00
3.766385892787570633e+00
3.766385926068823942e+00
3.766385984124160480e+00
3.766386002859508864e+00
3.766386310467466636e+00
3.766386453300955672e+00
3.766386489218465528e+00
3.766386532167316226e+00
3.766386650635331179e+00
3.766386652168694837e+00
3.766386645483924323e+00
3.766386676611971573e+00
3.766386727854026617e+00
3.766386741762991708e+00
3.766386754367390122e+00
3.766386835367996344e+00
3.766386840302452299e+00
3.766386846691093027e+00
3.766386837847123470e+00
3.766386826536738397e+00
3.766386844246828680e+00
3.766386868008625655e+00
3.766386869016927985e+00
3.766386869016927985e+00
3.766386873908960542e+00
3.766386870015061561e+00
3.766386878365755919e+00
3.766386872551610310e+00
3.766386877652028620e+00
3.766386874961841436e+00
3.766386864234390508e+00
3.766386834594897870e+00
3.766386765836004180e+00
3.766386700458850711e+00
3.766386483930066476e+00
3.766386433849178150e+00
3.766386551146148953e+00
3.766386670791159297e+00
3.766386454988409405e+00
3.766386345298583294e+00
3.766386262141521613e+00
3.766385994459162223e+00
3.766385801715827153e+00
3.766385643988835241e+00
3.766385600813056733e+00
3.766385618240980726e+00
3.766385672959842168e+00
3.766385229769634968e+00
3.766385028510593980e+00
3.766385215849066714e+00
3.766385104540027395e+00
3.766384906905091867e+00
3.766384364875571933e+00
3.766383488033637761e+00
3.766378366973410774e+00
3.766379987268744678e+00
3.766382250721090230e+00
3.766382250721090230e+00
3.766378502825403984e+00
3.766379461467747713e+00
3.766378240349959494e+00
3.766371734012543104e+00
3.766369134114420536e+00
3.766371080356833101e+00
3.766368139263106318e+00
3.766335437423502519e+00
3.766352893666412349e+00
3.766364346012864850e+00
3.766360098764173436e+00
3.766349466166485804e+00
3.766338379634197153e+00
3.766332627969490865e+00
3.766331837211721378e+00
3.766330557230852527e+00
3.766320177053235518e+00
3.766324929323828563e+00
3.766326169971554894e+00
3.766321747878939696e+00
3.766321747878939696e+00
3.766322945208830930e+00
3.766332740537716717e+00
3.766332740537716717e+00
3.766335047818425430e+00
3.766339726030374369e+00
3.766334380811648508e+00
3.766321285944246089e+00
3.766262615701697403e+00
3.766276603798785150e+00
3.766259152314299641e+00
3.766255881928497029e+00
3.766278663772012258e+00
3.766278663772012258e+00
3.766270713634760625e+00
3.766259015625810669e+00
3.766262063590179121e+00
3.766249348714688416e+00
3.766241215558895128e+00
3.766259478633053437e+00
3.766249348714688416e+00
3.766217049645949722e+00
3.766184948369750263e+00
3.766151297469828130e+00
3.766130450320626988e+00
3.766113242342340683e+00
3.766128073386703523e+00
3.766117663093844214e+00
3.766027849717444198e+00
3.766104127681515923e+00
3.766140530373998985e+00
3.766153015152291950e+00
3.766196677672127180e+00
3.766123922417327741e+00
3.766213445937670379e+00
3.766104837063199984e+00
3.766077413609307811e+00
3.765912830174134474e+00
3.765777611102596012e+00
3.765815537192243045e+00
3.766143365827818723e+00
3.766099750205784691e+00
3.766137350266198336e+00
3.766147515916169475e+00
3.766166087392655903e+00
3.765927154221018647e+00
3.765830119016659872e+00
3.765830119016659872e+00
3.765771852450029211e+00
3.765830119016659872e+00
3.765686476349840550e+00
3.765546834251291664e+00
3.766178895906988622e+00
3.766169710874402998e+00
3.766142007379660761e+00
3.766142007379660761e+00
3.766110195196098243e+00
3.766146991520136211e+00
3.766085576702911109e+00
3.766073731574389072e+00
3.766048606877536287e+00
3.766007039574783555e+00
3.766042012914767589e+00
3.766067633221534816e+00
3.766083961306982530e+00
3.766146634878459132e+00
3.766184465695773032e+00
3.766206244932821523e+00
3.766240135628697860e+00
3.766202789294084141e+00
3.766216217608867822e+00
3.766219414638044771e+00
3.766222550116629542e+00
3.766215073726814744e+00
3.766234499607300279e+00
3.766241538522761445e+00
3.766241538522761445e+00
3.766209520986946835e+00
3.766173721486378412e+00
3.766162971744106081e+00
3.766133510363027348e+00
3.766068375037268545e+00
3.766109096544329127e+00
3.765956131520797889e+00
3.765976493711987949e+00
3.765992065064563299e+00
3.765937406373653040e+00
3.766027717088392901e+00
3.766023725722615900e+00
3.765069025524717894e+00
3.764903111549807946e+00
3.764751026026982306e+00
3.765850798117333476e+00
3.765777596986840781e+00
3.765858870559247507e+00
3.765904833401723550e+00
3.766202858454082758e+00
3.766146931638185702e+00
3.766112822791654491e+00
3.766112822791654491e+00
3.766168603197267650e+00
3.766132880342659917e+00
3.765724755868757878e+00
3.765671584639357139e+00
3.765225792622048484e+00
3.764497013924255064e+00
3.764459843661718708e+00
3.764809400306202036e+00
3.765333291325332343e+00
3.763199138848076331e+00
3.763199138848076331e+00
3.762266886953074874e+00
3.762500766255642226e+00
3.762996219239726159e+00
3.762996219239726159e+00
3.404574851527263135e+00
3.455487613863565954e+00
3.448779990457918387e+00
3.422348369132869550e+00
3.394170506793035891e+00
3.394170506793035891e+00
3.389846379179480618e+00
3.371336084080309270e+00
3.394047817679543666e+00
3.394047817679543666e+00
3.460582437064469552e+00
3.522947318509196180e+00
3.536348967020885414e+00
3.564445525778435986e+00
3.398324733048085022e+00
3.312967500721286651e+00
3.336260248447754151e+00
3.326101352036314296e+00
3.303511799158663997e+00
3.303511799158663997e+00
3.255603368573111389e+00
3.203363278841305117e+00
3.234845724562174230e+00
3.234845724562174230e+00
3.234845724562174230e+00
3.234845724562174230e+00
3.266848179208062142e+00
3.280651846392195203e+00
3.228337776046441565e+00
3.222591936628971254e+00
3.177525636730509362e+00
3.166573738825260165e+00
3.205468586496720285e+00
3.154370807159093903e+00
3.154370807159093903e+00
3.154370807159093903e+00
3.183921936723087320e+00
3.196908091016904319e+00
3.117913243491164721e+00
3.040088756422155480e+00
3.016619436545652011e+00
3.016619436545652011e+00
3.016619436545652011e+00
3.016619436545652011e+00
3.019498471758753855e+00
3.046951442009668831e+00
3.030659169130724973e+00
3.046951442009668831e+00
3.037491860419404777e+00
3.016619436545652011e+00
3.009269981489973489e+00
2.988177451722933142e+00
2.996066909611551754e+00
2.994807913094770235e+00
2.989689960307833072e+00
2.994807913094770235e+00
2.991920535843981099e+00
3.005683512257311119e+00
2.989689960307833072e+00
2.989689960307833072e+00
2.989689960307833072e+00
2.989689960307833072e+00
2.998186699038915215e+00
3.038049446944502741e+00
3.061134386652332395e+00
3.061134386652332395e+00
3.061134386652332395e+00
2.995140205013585799e+00
3.061134386652332395e+00
3.061134386652332395e+00
3.044745509685011342e+00
3.071396024482062614e+00
3.071396024482062614e+00
3.038292006947707957e+00
3.011786801157479765e+00
2.981492032569539319e+00
2.975259142635380716e+00
2.981492032569539319e+00
3.004967586004613445e+00
3.008541254293845668e+00
3.023403540997101402e+00
3.047418633278100142e+00
3.031512893638701023e+00
2.998467671180595318e+00
2.998467671180595318e+00
2.974203954567307573e+00
2.956092568390221054e+00
2.936724235611982703e+00
2.962376916108031111e+00
3.005577534990611976e+00
3.024142981738692004e+00
3.024142981738692004e+00
3.024142981738692004e+00
3.024142981738692004e+00
3.000157840578250301e+00
2.965379442439327384e+00
2.994260346871894463e+00
2.994260346871894463e+00
3.021072862874251364e+00
3.024142981738692004e+00
3.024142981738692004e+00
3.024142981738692004e+00
2.994260346871894463e+00
2.994260346871894463e+00
2.997807564378844436e+00
3.008662708558126120e+00
3.031527707827086360e+00
2.995859604423133593e+00
2.961506345330556123e+00
2.961506345330556123e+00
2.961506345330556123e+00
2.935177282443299340e+00
2.874257202023752455e+00
2.868749569735653537e+00
2.881304821471807553e+00
2.899198143879757161e+00
2.899198143879757161e+00
2.899198143879757161e+00
2.899198143879757161e+00
2.899198143879757161e+00
2.899198143879757161e+00
2.899198143879757161e+00
2.899198143879757161e+00
2.899198143879757161e+00
2.913518377253252023e+00
2.916931358979986122e+00
2.916931358979986122e+00
2.916931358979986122e+00
2.906623399077394421e+00
2.899198143879757161e+00
2.899198143879757161e+00
2.899198143879757161e+00
2.899198143879757161e+00
2.899198143879757161e+00
2.908901259654455451e+00
2.929118790827216046e+00
2.940347550765341822e+00
2.940347550765341822e+00
2.940347550765341822e+00
2.940347550765341822e+00
2.940347550765341822e+00
2.956018843009032171e+00
2.940347550765341822e+00
2.946462807947490603e+00
2.915557643912447983e+00
2.969937750947594157e+00
2.968737337614888894e+00
2.942512476993222492e+00
2.948227557713721581e+00
2.903613864937685474e+00
2.886974611062091522e+00
2.888175780974962858e+00
2.900206787428074584e+00
2.905668661396681784e+00
3.045444287958982699e+00
3.013333505663073897e+00
3.025580549871396130e+00
3.000823173185534376e+00
2.924071692873456918e+00
2.938693567626683212e+00
2.938693567626683212e+00
2.938693567626683212e+00
2.938693567626683212e+00
3.033774486114522606e+00
3.087199714803465334e+00
3.069997345970199909e+00
3.065796911929636437e+00
3.075060858146977161e+00
3.047270162836734464e+00
2.953450857782245365e+00
3.089544724665140851e+00
3.126295750376924865e+00
3.137791960366306476e+00
3.123067435266957848e+00
3.094565243374467034e+00
3.123067435266957848e+00
3.094640250867745301e+00
3.118230413111481525e+00
3.123067435266957848e+00
3.123067435266957848e+00
3.123067435266957848e+00
3.123067435266957848e+00
3.123067435266957848e+00
3.123067435266957848e+00
3.123067435266957848e+00
3.123067435266957848e+00
3.123067435266957848e+00
3.118230413111481525e+00
3.076552211904812317e+00
3.076552211904812317e+00
3.076552211904812317e+00
3.076552211904812317e+00
3.076552211904812317e+00
3.076552211904812317e+00
3.076552211904812317e+00
3.042713120636138413e+00
3.063484597179562119e+00
3.050866977492629140e+00
3.046763928475785033e+00
3.045275760157516221e+00
1.526509188156659480e+00
1.526509188156659480e+00
1.526509188156659480e+00
1.625186900347243224e+00
1.708574785661197692e+00
1.760699299376608185e+00
1.943719725646131158e+00
2.148478824230722672e+00
2.176600207771236306e+00
2.176600207771236306e+00
2.276002929705096989e+00
2.403297598942162772e+00
2.633860963992922244e+00
2.801723458522092258e+00
2.821892925194859902e+00
2.925167838093323702e+00
3.031542464810932813e+00
3.109636837983342783e+00
3.081715676280255778e+00
3.102945213116972134e+00
3.278759181715239279e+00
3.344760483525370809e+00
3.365428992151429100e+00
3.397220532723598474e+00
3.404834793633325418e+00
3.392402482119656337e+00
3.585615708477707386e+00
3.581650684797096140e+00
3.660730383870807181e+00
3.662462552779334857e+00
3.643245791183183702e+00
3.600456599625968757e+00
3.573076601145335651e+00
3.663780677914163064e+00
3.684147414144208099e+00
3.715466641948205417e+00
3.745444093981423528e+00
3.725282167772908437e+00
3.749459543486428181e+00
3.761713769338137947e+00
3.762421528732677878e+00
3.761389501900391785e+00
3.764140345403618859e+00
3.764578555000475113e+00
3.765196218674724982e+00
3.765198442510422794e+00
3.765483380241107625e+00
3.765645003290615023e+00
3.765838738848050760e+00
3.765642734253097590e+00
3.765923407933917666e+00
3.766076630704303874e+00
3.766031726602951935e+00
3.766191675165964980e+00
3.766245918663326808e+00
3.766188150305622706e+00
3.766276675257588025e+00
3.766301182319676144e+00
3.766285449815951480e+00
3.766301933568680482e+00
3.766311972640270955e+00
3.766267741207091291e+00
3.766205581975008876e+00
3.766227922280780405e+00
3.766211757077247313e+00
3.766231225672991734e+00
3.766208444831347979e+00
3.766170018810491626e+00
3.766072674288485800e+00
3.765979287996501057e+00
3.766034193093241722e+00
3.766081432961378983e+00
3.765935596718870126e+00
3.765754005347958788e+00
3.765771592442761495e+00
3.766165892168707341e+00
3.766025428601694536e+00
3.765901732696292470e+00
3.766205458177860788e+00
3.766251758601506516e+00
3.766249139602418694e+00
3.766260305419794285e+00
3.766275763328241766e+00
3.766265959408682917e+00
3.766203451960392634e+00
3.766204621611793701e+00
3.766025013096376828e+00
3.766105762953924962e+00
3.766023150851526058e+00
3.765044923846926572e+00
3.763969644954769933e+00
3.764967953200760498e+00
3.764470212861189324e+00
3.764508945802177209e+00
3.761508470160347173e+00
3.763092239968666597e+00
3.763874211923439184e+00
3.764002381911029538e+00
3.763736802826548544e+00
3.762120421178194452e+00
3.762945897392078187e+00
3.762233233870080795e+00
3.759244610012561161e+00
3.752350634569140198e+00
3.754423715747340129e+00
3.754935773932468024e+00
3.747826779787731599e+00
3.739679881551173146e+00
3.750722425209122690e+00
3.749036201326664930e+00
3.740923205086349235e+00
3.750382019190802829e+00
3.754314094355099662e+00
3.754314094355099662e+00
3.755493526300226925e+00
3.753580599850855570e+00
3.736824359660809503e+00
3.718610476023811007e+00
3.730511926854137794e+00
3.713143061274010837e+00
3.678173442270759264e+00
3.668313200534939256e+00
3.707057986036542019e+00
3.721399133849732088e+00
3.721344482804938458e+00
3.718522537526608662e+00
3.717069747486140496e+00
3.719404222450502839e+00
3.669351128096110415e+00
3.628776170941835133e+00
3.633262882221066192e+00
3.618413127535248464e+00
3.545278218823022964e+00
3.460068321363610089e+00
3.544399768927565031e+00
3.493513825636849646e+00
3.260405763170812321e+00
3.296313546258957228e+00
3.263254364368632920e+00
3.218653834386360657e+00
3.252657880117799216e+00
3.390647259373098965e+00
3.445965658032838164e+00
3.462139104509360799e+00
3.499462939309120557e+00
3.503095042405953929e+00
3.510435274719851062e+00
3.464565482940142438e+00
3.440105375324398196e+00
3.419052395218498130e+00
3.355821490185644684e+00
3.386577456439978651e+00
3.429806170930147946e+00
3.426962029213959759e+00
3.243265255107376621e+00
3.221224322394903528e+00
3.238893194923953889e+00
3.268737097374211586e+00
3.252143546338013724e+00
3.241602085112770482e+00
3.268633571338253940e+00
3.266848100023802992e+00
3.256236423462147034e+00
3.298343133465786448e+00
3.280456247867528763e+00
3.343771108612985099e+00
3.463651142886716272e+00
3.513067267047057296e+00
3.557807498274055291e+00
3.561404524018720430e+00
3.573599968872438026e+00
3.581494497485906869e+00
3.483265705878888063e+00
3.494716355890438386e+00
3.463596250204927784e+00
3.501773238311804093e+00
3.409884916812544908e+00
3.262601529907759534e+00
3.366712716853390575e+00
3.407107917214500237e+00
3.508952525494392738e+00
3.555482028662416472e+00
3.581871538823657275e+00
3.678203770314710130e+00
3.633463955322699501e+00
3.548706464736036459e+00
3.563885702188764881e+00
3.552310299739535715e+00
3.626466771772947961e+00
3.662506547919353483e+00
3.646192896542891582e+00
3.593720611020869260e+00
3.594621707216084872e+00
3.595639858402253530e+00
3.520563442948948740e+00
3.492485328120570109e+00
3.502509311262060443e+00
3.562829019786825757e+00
3.557558617070889273e+00
3.569990168515302820e+00
2.018375466682018171e+00
2.018375466682018171e+00
2.018375466682018171e+00
2.018375466682018171e+00
2.018375466682018171e+00
2.018375466682018171e+00
2.082583478375804376e+00
2.143407840079889937e+00
2.143407840079889937e+00
2.143407840079889937e+00
2.143407840079889937e+00
2.143407840079889937e+00
2.143407840079889937e+00
2.166764934240783980e+00
2.202264862612910434e+00
2.256414981471862813e+00
2.306975782473391412e+00
2.306975782473391412e+00
2.354176464592085516e+00
2.459710557312070556e+00
2.554693017677241329e+00
2.554693017677241329e+00
2.554693017677241329e+00
2.554693017677241329e+00
2.559837421071720076e+00
2.597199573417182883e+00
2.597199573417182883e+00
2.597199573417182883e+00
2.533163651318107945e+00
2.493304732178545979e+00
2.326344018894096699e+00
2.326344018894096699e+00
2.122442598460061891e+00
2.299463098488513602e+00
2.472115181772012615e+00
2.472115181772012615e+00
2.554732435689861525e+00
2.615747887487244405e+00
2.636957687357160296e+00
2.665249458816314920e+00
2.667291652570149552e+00
2.667291652570149552e+00
2.667291652570149552e+00
2.671346876440847673e+00
2.697850623851715035e+00
2.713788735170854949e+00
2.740961213816790920e+00
2.742946975119969988e+00
2.755652093594901153e+00
2.760957952283551453e+00
2.755714697598593776e+00
2.742022294617084022e+00
2.753885691593996210e+00
2.760957952283551453e+00
2.760957952283551453e+00
2.760957952283551453e+00
2.760957952283551453e+00
2.760957952283551453e+00
2.777003729033781454e+00
2.778817332163320941e+00
2.778817332163320941e+00
2.778817332163320941e+00
2.778817332163320941e+00
2.778817332163320941e+00
2.778817332163320941e+00
2.760957952283551453e+00
2.760957952283551453e+00
2.742022294617084022e+00
2.742022294617084022e+00
2.735489794262739860e+00
2.718546586576048973e+00
2.718546586576048973e+00
2.718546586576048973e+00
2.718546586576048973e+00
2.691685349196181853e+00
2.680132096025298338e+00
2.683581940279533562e+00
2.673874907440203508e+00
2.671611665425601245e+00
2.671611665425601245e+00
2.671611665425601245e+00
2.667890978741335850e+00
2.630715013664642665e+00
2.656250786351237458e+00
2.671611665425601245e+00
2.643869601902990585e+00
2.623694854806824850e+00
2.607125477754497656e+00
2.592579789539106283e+00
2.582542933195467683e+00
2.582542933195467683e+00
2.582542933195467683e+00
2.582542933195467683e+00
2.582542933195467683e+00
2.522992791488698039e+00
2.475582674090238022e+00
2.456943815325777436e+00
2.474722221422586799e+00
2.350271714640179255e+00
2.277587089228570782e+00
2.182902929625536892e+00
1.595868249995384014e+00
1.595868249995384014e+00
1.838880047261879147e+00
2.114165751921102121e+00
2.114165751921102121e+00
2.114165751921102121e+00
2.114165751921102121e+00
1.743182456519497547e+00
2.114165751921102121e+00
1.944580396503747366e+00
1.491145096571572015e+00
1.608921386027975631e+00
2.114165751921102121e+00
1.491145096571572015e+00
1.491145096571572015e+00
1.491145096571572015e+00
1.491145096571572015e+00
1.501143889479797267e+00
1.519685354836075808e+00
1.519685354836075808e+00
1.519685354836075808e+00
1.519685354836075808e+00
2.007107923718666864e+00
1.664395341114182081e+00
2.062666008561378383e+00
1.891551964048801437e+00
1.389266117852696603e+00
9.298156793716350066e-01
7.979243340166364273e-01
7.979243340166364273e-01
7.979243340166364273e-01
8.272988898906834532e-01
1.098021565391129162e+00
9.391507495659521254e-01
1.149094115544769368e+00
1.308632705967331500e+00
1.308632705967331500e+00
1.489684939689726040e+00
9.239323787585678183e-01
7.983674225217527454e-01
9.204381271028900802e-01
1.100705210151093016e+00
9.555964016285016793e-01
1.306275762330418644e+00
1.350045990191421907e+00
1.350045990191421907e+00
1.350045990191421907e+00
1.350045990191421907e+00
1.350045990191421907e+00
1.350045990191421907e+00
1.350045990191421907e+00
1.350045990191421907e+00
1.350045990191421907e+00
1.350045990191421907e+00
1.350045990191421907e+00
1.350045990191421907e+00
1.350045990191421907e+00
1.350045990191421907e+00
1.350045990191421907e+00
1.350045990191421907e+00
1.350045990191421907e+00
1.330720475489371779e+00
1.378816834512456513e+00
1.378816834512456513e+00
1.378816834512456513e+00
1.378816834512456513e+00
1.378816834512456513e+00
1.378816834512456513e+00
1.378816834512456513e+00
1.378816834512456513e+00
1.378816834512456513e+00
1.378816834512456513e+00
1.007639079527309134e+00
1.152680005891168147e+00
8.831229198062211516e-01
8.831229198062211516e-01
1.096130858662982321e+00
1.595868249995384014e+00
2.114165751921102121e+00
1.993761845323024140e+00
1.521539693860386677e+00
1.441395111483219527e+00
1.608921386027975631e+00
2.114165751921102121e+00
2.278073023065339875e+00
2.225690923048676328e+00
2.153143586638452955e+00
2.153143586638452955e+00
2.153143586638452955e+00
2.153143586638452955e+00
2.153143586638452955e+00
2.153143586638452955e+00
2.153143586638452955e+00
1.986917829654423429e+00
1.986917829654423429e+00
1.986917829654423429e+00
2.013072069539411757e+00
2.198573347082060536e+00
2.198573347082060536e+00
4.599272852388659238e+00
4.606250966431350236e+00
4.610559252933418506e+00
4.605121449604963502e+00
4.608665255261305660e+00
4.609717531247937927e+00
4.611824651640690220e+00
4.611088004087168457e+00
4.607211493242516553e+00
4.610554503570125640e+00
4.613072283148551556e+00
4.611421606814131380e+00
4.611972689386341528e+00
4.610042286307408865e+00
4.610042286307408865e+00
4.610042286307408865e+00
4.610042286307408865e+00
4.613694048879757759e+00
4.615656911533582374e+00
4.615656911533582374e+00
4.615804639649589092e+00
4.616920273988944778e+00
4.616473926222177226e+00
4.615656911533582374e+00
4.615759108086458617e+00
4.615752694772448983e+00
4.615752694772448983e+00
4.615752694772448983e+00
4.615901290322215189e+00
4.615868922619712045e+00
4.615868922619712045e+00
4.616626731946520401e+00
4.617226087866365347e+00
4.617226087866365347e+00
4.617544932228327070e+00
4.618174391398128797e+00
4.618235212893757158e+00
4.618238929280380489e+00
4.618184300556480437e+00
4.618174391398128797e+00
4.618174391398128797e+00
4.618174391398128797e+00
4.618401165908998962e+00
4.617557073971163106e+00
4.617617349593578169e+00
4.618237889087419390e+00
4.618237889087419390e+00
4.618237889087419390e+00
4.618458586779983222e+00
4.618458586779983222e+00
4.618063566001842091e+00
4.607831383269660463e+00
4.610188710074071494e+00
4.567195364397360180e+00
4.577682308036567171e+00
4.612903557297046930e+00
4.618111282226562864e+00
4.618718394190050702e+00
4.618237889087419390e+00
4.618237889087419390e+00
4.618237889087419390e+00
4.618237889087419390e+00
4.618237889087419390e+00
4.618541855743217184e+00
4.618712745580916490e+00
4.616419614354146717e+00
4.618595249043334405e+00
4.617664518492986758e+00
4.617039399601843286e+00
4.615973583347943610e+00
4.617155840075874096e+00
4.617155840075874096e+00
4.617155840075874096e+00
4.617195462610034440e+00
4.616485822489413415e+00
4.616485822489413415e+00
4.616485822489413415e+00
4.616485822489413415e+00
4.616485822489413415e+00
4.616485822489413415e+00
4.615574598120485206e+00
4.614688889167220864e+00
4.614615400728061978e+00
4.614452799022043195e+00
4.614690277277960107e+00
4.609323929160675348e+00
4.580201087619323985e+00
4.577056363576765818e+00
4.577056363576765818e+00
4.572267318515387480e+00
4.558572986449224373e+00
4.558572986449224373e+00
4.600071068745789304e+00
4.603238885908459643e+00
4.584717098673676716e+00
4.532391845959798715e+00
4.493289526216022622e+00
4.511091613548630974e+00
4.540805821436707745e+00
4.524181607686166728e+00
4.578382004542458361e+00
4.573645061450154259e+00
4.510722234681308507e+00
4.566892710260907151e+00
4.571995247450688638e+00
4.571995247450688638e+00
4.579589399697169050e+00
4.586152009775274152e+00
4.586152009775274152e+00
4.586152009775274152e+00
4.586152009775274152e+00
4.586152009775274152e+00
4.586152009775274152e+00
4.566724839315385864e+00
4.541447137892823172e+00
4.539140561112260386e+00
4.539140561112260386e+00
4.519084362577003411e+00
4.577320726924960503e+00
4.577183899920306942e+00
4.573608094005282787e+00
4.573608094005282787e+00
4.583568843949962002e+00
4.584872462602511689e+00
4.578010709671482381e+00
4.578010709671482381e+00
4.587948510205112740e+00
4.573866689520825091e+00
4.568727749946467576e+00
4.596272775381669007e+00
4.590861044415081693e+00
4.568727749946467576e+00
4.568727749946467576e+00
4.568727749946467576e+00
4.568727749946467576e+00
4.357419901345567226e+00
4.340126288056248782e+00
4.299034648971658434e+00
4.509192692673399172e+00
4.411627034835293060e+00
4.396724348967739004e+00
4.459332912850618946e+00
4.584648077513248765e+00
4.594278815266308769e+00
4.580227260088506114e+00
4.601498886741691052e+00
4.608743057701155443e+00
4.606974344502845042e+00
4.603658660157476490e+00
4.606774589610825643e+00
4.604716446456940560e+00
4.608208981806948934e+00
4.610951057730598990e+00
4.609117188923495867e+00
4.608635999355752411e+00
4.608381456855236813e+00
4.603434117894513733e+00
4.603740577714985349e+00
4.600277635232450812e+00
4.600277635232450812e+00
4.580909185023894992e+00
4.549107850309070500e+00
4.580320988424178452e+00
4.603678930395811442e+00
4.612894495073573964e+00
4.612894495073573964e+00
4.612894495073573964e+00
4.612894495073573964e+00
4.614809681132726382e+00
4.616134389100059465e+00
4.616395938481651307e+00
4.612482337337677762e+00
4.612693107760550859e+00
4.615424280649762956e+00
4.616433522734791239e+00
4.616384609839116138e+00
4.616100473642646307e+00
4.612751602685465357e+00
4.612307750391829941e+00
4.613174304689721339e+00
4.613017891991521680e+00
4.613017891991521680e+00
4.613017891991521680e+00
4.612279781519879940e+00
4.599657183083558643e+00
4.607418096041302924e+00
4.608635999355752411e+00
4.608635999355752411e+00
4.608635999355752411e+00
4.609136646595763054e+00
4.607544593713872594e+00
4.603808035513001329e+00
4.598319977313934714e+00
4.580511407557571246e+00
4.563486550312483736e+00
4.578223431753478678e+00
4.572569261471758573e+00
4.583075188419421409e+00
4.583714863670680373e+00
4.555932241294073037e+00
1.611968814547814377e+00
1.611968814547814377e+00
1.611968814547814377e+00
1.625377314169918597e+00
1.625377314169918597e+00
1.625377314169918597e+00
1.625377314169918597e+00
1.625377314169918597e+00
1.625377314169918597e+00
1.625377314169918597e+00
1.625377314169918597e+00
1.625377314169918597e+00
1.747189205582295290e+00
1.792446787637851591e+00
1.696843738688794900e+00
1.625377314169918597e+00
1.625377314169918597e+00
1.625377314169918597e+00
1.625377314169918597e+00
1.625377314169918597e+00
1.696843738688794900e+00
1.625377314169918597e+00
1.625377314169918597e+00
1.625377314169918597e+00
1.625377314169918597e+00
1.792446787637851591e+00
1.792446787637851591e+00
1.792446787637851591e+00
1.792446787637851591e+00
1.792446787637851591e+00
1.792446787637851591e+00
1.747189205582295290e+00
1.625377314169918597e+00
1.625377314169918597e+00
1.625377314169918597e+00
1.625377314169918597e+00
1.625377314169918597e+00
1.625377314169918597e+00
1.625377314169918597e+00
1.625377314169918597e+00
1.625377314169918597e+00
1.625377314169918597e+00
1.625377314169918597e+00
1.625377314169918597e+00
1.625377314169918597e+00
1.625377314169918597e+00
1.625377314169918597e+00
1.625377314169918597e+00
1.625377314169918597e+00
1.625377314169918597e+00
1.625377314169918597e+00
1.625377314169918597e+00
1.625377314169918597e+00
1.625377314169918597e+00
1.625377314169918597e+00
1.625377314169918597e+00
1.625377314169918597e+00
1.679319063164098402e+00
1.625377314169918597e+00
1.625377314169918597e+00
1.625377314169918597e+00
1.625377314169918597e+00
1.625377314169918597e+00
1.625377314169918597e+00
1.625377314169918597e+00
1.625377314169918597e+00
1.625377314169918597e+00
1.625377314169918597e+00
1.625377314169918597e+00
1.625377314169918597e+00
1.625377314169918597e+00
1.625377314169918597e+00
1.625377314169918597e+00
1.625377314169918597e+00
1.625377314169918597e+00
1.625377314169918597e+00
1.625377314169918597e+00
1.625377314169918597e+00
1.625377314169918597e+00
1.625377314169918597e+00
1.625377314169918597e+00
1.696843738688794900e+00
1.792446787637851591e+00
1.747189205582295290e+00
1.762968057682837486e+00
1.792446787637851591e+00
1.792446787637851591e+00
1.792446787637851591e+00
1.792446787637851591e+00
1.792446787637851591e+00
1.792446787637851591e+00
1.792446787637851591e+00
1.679319063164098402e+00
1.625377314169918597e+00
1.762968057682837486e+00
1.625377314169918597e+00
1.625377314169918597e+00
1.643534989974560379e+00
1.792446787637851591e+00
1.747189205582295290e+00
1.625377314169918597e+00
1.625377314169918597e+00
1.625377314169918597e+00
1.625377314169918597e+00
1.625377314169918597e+00
1.625377314169918597e+00
1.625377314169918597e+00
1.730852170216467645e+00
1.792446787637851591e+00
1.781055865243541092e+00
1.772253208918593170e+00
1.772253208918593170e+00
1.772253208918593170e+00
1.772253208918593170e+00
1.772253208918593170e+00
1.772253208918593170e+00
1.772253208918593170e+00
1.772253208918593170e+00
1.772253208918593170e+00
1.772253208918593170e+00
1.772253208918593170e+00
1.772253208918593170e+00
1.772253208918593170e+00
1.772253208918593170e+00
1.772253208918593170e+00
1.772253208918593170e+00
1.772253208918593170e+00
1.772253208918593170e+00
1.772253208918593170e+00
1.772253208918593170e+00
1.772253208918593170e+00
1.772253208918593170e+00
1.772253208918593170e+00
1.772253208918593170e+00
1.772253208918593170e+00
1.772253208918593170e+00
1.772253208918593170e+00
1.772253208918593170e+00
1.771173347671572085e+00
1.792446787637851591e+00
1.792446787637851591e+00
1.792446787637851591e+00
1.792446787637851591e+00
1.792446787637851591e+00
1.792446787637851591e+00
1.792446787637851591e+00
1.792446787637851591e+00
1.792446787637851591e+00
1.792446787637851591e+00
1.792446787637851591e+00
1.792446787637851591e+00
1.792446787637851591e+00
1.792446787637851591e+00
1.792446787637851591e+00
1.792446787637851591e+00
1.914210644577486020e+00
1.981304539015430022e+00
1.981304539015430022e+00
1.981304539015430022e+00
1.981304539015430022e+00
1.981304539015430022e+00
1.981304539015430022e+00
1.981304539015430022e+00
1.981304539015430022e+00
1.981304539015430022e+00
1.981304539015430022e+00
1.981304539015430022e+00
1.981304539015430022e+00
1.981304539015430022e+00
1.981304539015430022e+00
1.981304539015430022e+00
2.120517284508389277e+00
2.198573347082060536e+00
2.227842593133678939e+00
2.344824050249159075e+00
2.344824050249159075e+00
2.398712191222180046e+00
2.014585298954294945e+00
2.362479929488667807e+00
2.362479929488667807e+00
2.362479929488667807e+00
2.397747837825424888e+00
2.348422347873194926e+00
2.198573347082060536e+00
2.198573347082060536e+00
2.198573347082060536e+00
2.284342237187981794e+00
2.198573347082060536e+00
2.348422347873194926e+00
2.358661062925244689e+00
2.359446302828550834e+00
2.344824050249159075e+00
2.358661062925244689e+00
2.344824050249159075e+00
2.344824050249159075e+00
2.344824050249159075e+00
2.358661062925244689e+00
2.198573347082060536e+00
2.198573347082060536e+00
2.198573347082060536e+00
4.619800886851111343e+00
4.619763314366277740e+00
4.618796238929142817e+00
4.619124309768546155e+00
4.619613989677405996e+00
4.619289955152998672e+00
4.619021618300651610e+00
4.618794711981498935e+00
4.617262799362028325e+00
4.615752694772448983e+00
4.615917541853084671e+00
4.615645921960465969e+00
4.615380311977828498e+00
4.615139343344975664e+00
4.614632994251682163e+00
4.614632994251682163e+00
4.614597516100018559e+00
4.614368430193868775e+00
4.614662250620866324e+00
4.614610494648630379e+00
4.614632994251682163e+00
4.614683460635891521e+00
4.614695174045815307e+00
4.614695174045815307e+00
4.614683460635891521e+00
4.614274241491569839e+00
4.614236215585740375e+00
4.614795577059383369e+00
4.615930696710601744e+00
4.616229387370895054e+00
4.616203740115146559e+00
4.616229387370895054e+00
4.616231981965203346e+00
4.616231981965203346e+00
4.615354410523423212e+00
4.614695174045815307e+00
4.614678434518602046e+00
4.614651442892254707e+00
4.614695174045815307e+00
4.614695174045815307e+00
4.614805294121536505e+00
4.614685879722079775e+00
4.614485471346136514e+00
4.614485471346136514e+00
4.614485471346136514e+00
4.614485471346136514e+00
4.614485471346136514e+00
4.613041615081026947e+00
4.612732533967735193e+00
4.612338567876659745e+00
4.612338567876659745e+00
4.612338567876659745e+00
4.612329889596735732e+00
4.612268566168852502e+00
4.612268566168852502e+00
4.612268566168852502e+00
4.612008874383613843e+00
4.609689557367939727e+00
4.612089817030519789e+00
4.612008853350215709e+00
4.612089817030519789e+00
4.612244239073558738e+00
4.612268566168852502e+00
4.612268566168852502e+00
4.612268566168852502e+00
4.612567379890714747e+00
4.612461282377961602e+00
4.612329889596735732e+00
4.612268566168852502e+00
4.612268566168852502e+00
4.612230310870636174e+00
4.612089817030519789e+00
4.613826149959735723e+00
4.614322904492269117e+00
4.614330576887447855e+00
4.614330576887447855e+00
4.614183439696240008e+00
4.612312515337750440e+00
4.611794290306391986e+00
4.611039443230652068e+00
4.610505609943825078e+00
4.612268566168852502e+00
4.612268566168852502e+00
4.612122560771363844e+00
4.612268566168852502e+00
4.612268566168852502e+00
4.612324722810856592e+00
4.613416359562772406e+00
4.615541761446218416e+00
4.615985812458101023e+00
4.615618536254970650e+00
4.616893680558380453e+00
4.616984114774220771e+00
4.617020231703666155e+00
4.616907552962233652e+00
4.616808991825484654e+00
4.616898310804307570e+00
4.616901556399254147e+00
4.617006455321430280e+00
4.617226087866365347e+00
4.617270223934439421e+00
4.617446592724634868e+00
4.618043552223601189e+00
4.618342677972501420e+00
4.618257280427043199e+00
4.618257280427043199e+00
4.618257280427043199e+00
4.618257280427043199e+00
4.618257280427043199e+00
4.618257280427043199e+00
4.618343731258188534e+00
4.618565304329298016e+00
4.618930856856264811e+00
4.618984878180102172e+00
4.619158955144736289e+00
4.619136545736690636e+00
4.618904524777686760e+00
4.618916792680666461e+00
4.618930856856264811e+00
4.619023790803211682e+00
4.619136545736690636e+00
4.619136545736690636e+00
4.618937634805625692e+00
4.618704174968575771e+00
4.618419685324006707e+00
4.618118926667870383e+00
4.613569909921829471e+00
4.612125286705408556e+00
4.616077141598120548e+00
4.615947940337154165e+00
4.615224055520459778e+00
4.613819709280899239e+00
4.614082711865752806e+00
4.614082711865752806e+00
4.605774168652107647e+00
4.592268086415790762e+00
4.569441329580733679e+00
4.547865311522017784e+00
4.600507207416432820e+00
4.610615736799767106e+00
4.613920774352033405e+00
4.611036322034873791e+00
4.608589640326708370e+00
4.612775688345916336e+00
4.611935297004611911e+00
4.613469166526255272e+00
4.614461133186493313e+00
4.614326577064993273e+00
4.614326577064993273e+00
4.616307516673466615e+00
4.616550228229096220e+00
4.616079656231550032e+00
4.615239467860371647e+00
4.614794737278448800e+00
4.614794737278448800e+00
4.614929285170632944e+00
4.613775880278375041e+00
4.610640289289811733e+00
4.616380844312468312e+00
4.615654656852539617e+00
4.613636477856950080e+00
4.606410226519291662e+00
4.464830447901654509e+00
4.393819433960101328e+00
4.473093666929051082e+00
4.578309854447746297e+00
4.588414600464092885e+00
4.544765242057263066e+00
4.477493770095948733e+00
4.547699355619970518e+00
4.541252529499082868e+00
4.577919617663499530e+00
4.577919617663499530e+00
4.615137773498575235e+00
4.618280661779731844e+00
4.618280661779731844e+00
4.614239062964818672e+00
4.613161929853076160e+00
4.614276346326666278e+00
4.606048608124674537e+00
4.580021631049513431e+00
4.609847067752856908e+00
4.611825696131161223e+00
4.611825696131161223e+00
4.597153607827882738e+00
4.588677420833391807e+00
4.595530287018322113e+00
4.606665805885302056e+00
4.606665805885302056e+00
4.606665805885302056e+00
4.601854605808085807e+00
4.583925417692129578e+00
4.583925417692129578e+00
4.556865292450564375e+00
4.483925838515073536e+00
4.528387078028686119e+00
4.016250704984885900e+00
4.124090477816228173e+00
4.124090477816228173e+00
3.413477816960866384e+00
3.348706649744853436e+00
3.319300018082095516e+00
3.272916153691631358e+00
3.320416328230390679e+00
3.277688987310895641e+00
3.272916153691631358e+00
3.240659611623039282e+00
3.251837984219946520e+00
3.265953166751443426e+00
3.265953166751443426e+00
3.265953166751443426e+00
3.232788832100506049e+00
3.210779910897997524e+00
3.210779910897997524e+00
3.210779910897997524e+00
3.199857343656470121e+00
3.148555466056734531e+00
3.115439581284449311e+00
3.134146873129536992e+00
3.143000879763976130e+00
3.147168142666670665e+00
3.147168142666670665e+00
3.130652225404647382e+00
3.065261679585916887e+00
3.060918838374289130e+00
3.060918838374289130e+00
3.037462622895795938e+00
3.044905830363572541e+00
3.060918838374289130e+00
3.060918838374289130e+00
3.036016007010241768e+00
2.997604757212892324e+00
2.992207272677834151e+00
2.992207272677834151e+00
2.992207272677834151e+00
2.992207272677834151e+00
2.992207272677834151e+00
2.992207272677834151e+00
3.016804612742640224e+00
2.986941889560720487e+00
3.102011196647950442e+00
3.063063020001108416e+00
3.028108491747006248e+00
2.941175103980199879e+00
2.941175103980199879e+00
2.941175103980199879e+00
2.956655645641254271e+00
2.935874669965147898e+00
2.935874669965147898e+00
2.941199812876849951e+00
2.920780008423497165e+00
2.933441105434956953e+00
2.945239702886198074e+00
2.926077776494416582e+00
2.926077776494416582e+00
2.926077776494416582e+00
2.926077776494416582e+00
2.915630991224503976e+00
2.908877896409000741e+00
2.908877896409000741e+00
2.908877896409000741e+00
2.908877896409000741e+00
2.908877896409000741e+00
2.908877896409000741e+00
2.908877896409000741e+00
2.919049733936024627e+00
2.926077776494416582e+00
2.941199812876849951e+00
2.929119173203325932e+00
2.926077776494416582e+00
2.899520789461405901e+00
2.891072339621102660e+00
2.891072339621102660e+00
2.904490600056622185e+00
2.919049733936024627e+00
2.908877896409000741e+00
2.908748176843785949e+00
2.908877896409000741e+00
2.908877896409000741e+00
2.905282774564093007e+00
2.891072339621102660e+00
2.891072339621102660e+00
2.891072339621102660e+00
2.891072339621102660e+00
2.891072339621102660e+00
2.891072339621102660e+00
2.891072339621102660e+00
2.891072339621102660e+00
2.891072339621102660e+00
2.891072339621102660e+00
2.891072339621102660e+00
2.891072339621102660e+00
2.898220134510447910e+00
2.907794238945906606e+00
2.907220123159266478e+00
2.907220123159266478e+00
2.907220123159266478e+00
2.907220123159266478e+00
2.907220123159266478e+00
2.907220123159266478e+00
2.907220123159266478e+00
2.899274608276332987e+00
2.885379995364036443e+00
2.891072339621102660e+00
2.891072339621102660e+00
2.891072339621102660e+00
2.891072339621102660e+00
2.896304291721322866e+00
2.907220123159266478e+00
2.907220123159266478e+00
2.907220123159266478e+00
2.907220123159266478e+00
2.907220123159266478e+00
2.907220123159266478e+00
2.894005485204557804e+00
2.885816290932064376e+00
2.884904457846561243e+00
2.809955896408228071e+00
2.851909818048802059e+00
2.633596583360802157e+00
2.735646423857340359e+00
2.848939997274181568e+00
2.860976524811908117e+00
2.860976524811908117e+00
2.860976524811908117e+00
2.860976524811908117e+00
2.810033250138395999e+00
2.758969482834127795e+00
2.860976524811908117e+00
2.851909818048802059e+00
2.860976524811908117e+00
2.860976524811908117e+00
2.860976524811908117e+00
2.860976524811908117e+00
2.860976524811908117e+00
2.860976524811908117e+00
2.873695753993976698e+00
2.891072339621102660e+00
2.873695753993976698e+00
2.860976524811908117e+00
2.860976524811908117e+00
2.860976524811908117e+00
2.860976524811908117e+00
2.860976524811908117e+00
2.860976524811908117e+00
2.860976524811908117e+00
2.855406574708795997e+00
2.735646423857340359e+00
2.858314499827823596e+00
2.889895535725898412e+00
2.889895535725898412e+00
2.854060343656271037e+00
2.846726047404735560e+00
2.846726047404735560e+00
2.846726047404735560e+00
2.846726047404735560e+00
2.884728900082597747e+00
2.887422540036315155e+00
2.803088308863072697e+00
2.735646423857340359e+00
2.735646423857340359e+00
2.735646423857340359e+00
2.735646423857340359e+00
2.735646423857340359e+00
2.833240328352367943e+00
2.825315193786766876e+00
2.735646423857340359e+00
2.795417646729370542e+00
2.825315193786766876e+00
2.846726047404735560e+00
2.846726047404735560e+00
2.846726047404735560e+00
2.846726047404735560e+00
2.846726047404735560e+00
2.846726047404735560e+00
2.846726047404735560e+00
2.846726047404735560e+00
2.862394885827836077e+00
2.886389242829114021e+00
2.886389242829114021e+00
2.886389242829114021e+00
2.884937102761684358e+00
2.901848544640632355e+00
2.879188507932219920e+00
2.898995387589773820e+00
2.905846780565899401e+00
2.890471854400954221e+00
2.866161191815496778e+00
2.866161191815496778e+00
2.818864763541308438e+00
2.836721368087466999e+00
2.843997272518563157e+00
2.843997272518563157e+00
2.843997272518563157e+00
2.843997272518563157e+00
2.843997272518563157e+00
2.875016446944103077e+00
2.888282533900099480e+00
2.888282533900099480e+00
2.843556829854090306e+00
1.476579007829572854e+00
1.149702380086521369e+00
1.465423267841263755e+00
1.891461572876829367e+00
2.652598360928150711e+00
3.843469673858610935e+00
2.961405197228675235e+00
2.433611924292197415e+00
2.582495125001492919e+00
2.854811942650266499e+00
2.454916172270157126e+00
2.557637668246409035e+00
2.337258574633508612e+00
2.322437793356711744e+00
2.328168877781351398e+00
2.344341814277797642e+00
2.334044480805156141e+00
2.331455385609040754e+00
2.331023413756563301e+00
2.331504684941429595e+00
2.335156778647367481e+00
2.332054741672133780e+00
2.332367998741893711e+00
2.332536114494135226e+00
2.332665658855176183e+00
2.332710574447540708e+00
2.332805941043440967e+00
2.332865013634769724e+00
2.332907787339810746e+00
2.332930647148542924e+00
2.332930647148542924e+00
2.332930647148542924e+00
2.332939410599044194e+00
2.332957817646460263e+00
2.332978193655524279e+00
2.332983621828284448e+00
2.332985180596945263e+00
2.332999947584669442e+00
2.332999947584669442e+00
2.333008234730764130e+00
2.333023977527191928e+00
2.333029089250902022e+00
2.333033822842161875e+00
2.333040571621123771e+00
2.333045127278785547e+00
2.333046980948876747e+00
2.333052958482880967e+00
2.333054279297376965e+00
2.333055332029658313e+00
2.333056678342839696e+00
2.333056678342839696e+00
2.333058498379714685e+00
2.333059172548722415e+00
2.333060949379660798e+00
2.333062002069834939e+00
2.333063432907497514e+00
2.333063373805266849e+00
2.333062831230500400e+00
2.333064028391719891e+00
2.333064451249193816e+00
2.333064146042953091e+00
2.333064304924064025e+00
2.333064407118134120e+00
2.333063941433186628e+00
2.333064168927379889e+00
2.333064492279033786e+00
2.333064497506735613e+00
2.333063982453382756e+00
2.333064410410546241e+00
2.333064726157963786e+00
2.333065240538732432e+00
2.333065084053819405e+00
2.333064353754767950e+00
2.333064462709725895e+00
2.333064555593546974e+00
2.333064555593546974e+00
2.333064617668889618e+00
2.333064871823427033e+00
2.333064871823427033e+00
2.333064871823427033e+00
2.333064871823427033e+00
2.333064871823427033e+00
2.333064833110518599e+00
2.333064793510511770e+00
2.333065086556866508e+00
2.333065645003356892e+00
2.333065645003356892e+00
2.333065623993386239e+00
2.333065743212806797e+00
2.333065935642368416e+00
2.333065909790170700e+00
2.333065926558649750e+00
2.333065990818770530e+00
2.333066049313178958e+00
2.333066033467224631e+00
2.333066109332190941e+00
2.333066029198258562e+00
2.333066142974248081e+00
2.333066310046513436e+00
2.333066341946929079e+00
2.333066378745292990e+00
2.333066412951804391e+00
2.333066423879187390e+00
2.333066385651855867e+00
2.333066392068098960e+00
2.333066344799821223e+00
2.333066385210337934e+00
2.333066414872544847e+00
2.333066425989480219e+00
2.333066455267291950e+00
2.333066490490867118e+00
2.333066510767548785e+00
2.333066510767548785e+00
2.333066506942389928e+00
2.333066505609003194e+00
2.333066504245339345e+00
2.333066524933248509e+00
2.333066538690218295e+00
2.333066531970424684e+00
2.333066527959024583e+00
2.333066523470558096e+00
2.333066516275676516e+00
2.333066523250878266e+00
2.333066521704035168e+00
2.333066521268730931e+00
2.333066521323654552e+00
2.333066519381867820e+00
2.333066512158997519e+00
2.333066511680002009e+00
2.333066511472074112e+00
2.333066511262563036e+00
2.333066523227924183e+00
2.333066530629569257e+00
2.333066531087364393e+00
2.333066527636261878e+00
2.333066512973077877e+00
2.333066512973077877e+00
2.333066522605405702e+00
2.333066531258873866e+00
2.333066520629595963e+00
2.333066516402042545e+00
2.333066510847284558e+00
2.333066528971476039e+00
2.333066530489959600e+00
2.333066527184282979e+00
2.333066518752021867e+00
2.333066510767548785e+00
2.333066503572957640e+00
2.333066469146128696e+00
2.333066455224749092e+00
2.333066427413445609e+00
2.333066366629994892e+00
2.333066365144755849e+00
2.333066331290721163e+00
2.333066313867707464e+00
2.333066262291576543e+00
2.333066210465305712e+00
2.333066218379942658e+00
2.333066077282000883e+00
2.333065921906041229e+00
2.333065526802196921e+00
2.333064995471466396e+00
2.333064987301281867e+00
2.333064980648786424e+00
2.333064995471466396e+00
2.333064625182964313e+00
2.333063064379325979e+00
2.333060396747290710e+00
2.333060337429282871e+00
2.333059099896535038e+00
2.333058753798293861e+00
2.333058574774591776e+00
2.333056767386600505e+00
2.333057411147474891e+00
2.333058753798293861e+00
2.333057816707617249e+00
2.333059548855082710e+00
2.333061458540810484e+00
2.333062313777979568e+00
2.333062717900897809e+00
2.333062885306567580e+00
2.333062686027239874e+00
2.333062002233158960e+00
2.333062648460089594e+00
2.333062823282435083e+00
2.333063373805266849e+00
2.333063225379115924e+00
2.333063502480535512e+00
2.333062337650408047e+00
2.333063107986327545e+00
2.333063403765596178e+00
2.333063935530796940e+00
2.333063260081958745e+00
2.333062478538728612e+00
2.333062591719816226e+00
2.333062833982763706e+00
2.333064230794398952e+00
2.333065216970499733e+00
2.333065176407238983e+00
2.333065430595239853e+00
1.677608667952806609e+00
1.677608667952806609e+00
1.677608667952806609e+00
1.756578832610076857e+00
2.043557365612146626e+00
2.211132516557086092e+00
2.229280402117862714e+00
2.311166786480910229e+00
2.484313719821000355e+00
2.542040321168237416e+00
2.553639391592358088e+00
2.553639391592358088e+00
2.566300261302238539e+00
2.625667913604604831e+00
2.629710162591174960e+00
2.629710162591174960e+00
2.629710162591174960e+00
2.654553434482641361e+00
2.641095099927360579e+00
2.653522175048376397e+00
2.708522251523109325e+00
2.703122568703066442e+00
2.703122568703066442e+00
2.703122568703066442e+00
2.703122568703066442e+00
2.703122568703066442e+00
2.703122568703066442e+00
2.703122568703066442e+00
2.703122568703066442e+00
2.716248871471271364e+00
2.725030382980150989e+00
2.725030382980150989e+00
2.719962169277439390e+00
2.698552934342433929e+00
2.698552934342433929e+00
2.713742578248574233e+00
2.715323706479333854e+00
2.715323706479333854e+00
2.715323706479333854e+00
2.715323706479333854e+00
2.715323706479333854e+00
2.637076599943380728e+00
2.722809547128112406e+00
2.726011699219377693e+00
2.726011699219377693e+00
2.726011699219377693e+00
2.726011699219377693e+00
2.726011699219377693e+00
2.726011699219377693e+00
2.740297231894256669e+00
2.733473908056937240e+00
2.733473908056937240e+00
2.766892246901961894e+00
2.776340827574167669e+00
2.769688863773946075e+00
2.695125617951545038e+00
2.695125617951545038e+00
2.495660600760067460e+00
2.157519763862064899e+00
2.321648079644702989e+00
2.390925510271929788e+00
2.478690956102400644e+00
2.783311231612147996e+00
2.661170194907962472e+00
2.661170194907962472e+00
2.661170194907962472e+00
2.605192948955246557e+00
2.732770655848367092e+00
3.067299292454235271e+00
2.545502249960930996e+00
2.350199585349829423e+00
2.341592898297663261e+00
2.356872057638037976e+00
3.078262632975898860e+00
4.570465719971506857e+00
4.615730651104099636e+00
4.617946460653607588e+00
4.618031932815673812e+00
4.618630764814395384e+00
4.618813531845853859e+00
4.618854576822570834e+00
4.619125263420226446e+00
4.619565791058763971e+00
4.619565791058763971e+00
4.619769741238326510e+00
4.620043929576093333e+00
4.620109945833855036e+00
4.620120014615837434e+00
4.620373641083293847e+00
4.620569204471424385e+00
4.620600850249404701e+00
4.620600850249404701e+00
4.620538953117548253e+00
4.620600850249404701e+00
4.620600850249404701e+00
4.620600850249404701e+00
4.620584622514694928e+00
4.619963376013217271e+00
4.619963376013217271e+00
4.619963376013217271e+00
4.619963376013217271e+00
4.619963376013217271e+00
4.619963376013217271e+00
4.620665688097969515e+00
4.621153120589191587e+00
4.621153120589191587e+00
4.621153120589191587e+00
4.621153120589191587e+00
4.621153120589191587e+00
4.621153120589191587e+00
4.621153120589191587e+00
4.621186002030666096e+00
4.621194395690428003e+00
4.621194395690428003e+00
4.621194395690428003e+00
4.621010698955310581e+00
4.620971984803101229e+00
4.620913540988667023e+00
4.620853980792860582e+00
4.620853980792860582e+00
4.620598125730576378e+00
4.620452647692085080e+00
4.619813014368559401e+00
4.619258965220041979e+00
4.617470112833577112e+00
4.438734598793327990e+00
4.507140490096700702e+00
4.558628606860331445e+00
4.597098815445891162e+00
4.587516889376734852e+00
4.597081332785736940e+00
4.569973379466165220e+00
4.586240940646425734e+00
4.593258543367323199e+00
4.561343061021792877e+00
4.577011276725036382e+00
4.570391482739383449e+00
4.608660929404406303e+00
4.610262910124778735e+00
4.614595222203670133e+00
4.615279874693120732e+00
4.614270693062520579e+00
4.610108078413448496e+00
4.615216883677517146e+00
4.616800308126491004e+00
4.617738125937799865e+00
4.617815317244781781e+00
4.617584187268962914e+00
4.618319638712476305e+00
4.618915175610496249e+00
4.619491366175408231e+00
4.619696011941359259e+00
4.619739394858014769e+00
4.619739394858014769e+00
4.619739394858014769e+00
4.619739394858014769e+00
4.619779858039882114e+00
4.619837539334843868e+00
4.620120203751125310e+00
4.620280608667913569e+00
4.620280608667913569e+00
4.620275762980334378e+00
4.620250913683106475e+00
4.620262686481924952e+00
4.620239977678219034e+00
4.620278986849527314e+00
4.620722111316943881e+00
4.620582144359593357e+00
4.620350820643964518e+00
4.620683418136943388e+00
4.620716156290872512e+00
4.620716156290872512e+00
4.620716156290872512e+00
4.620779266219804171e+00
4.621049117045715526e+00
4.621199516909969773e+00
4.621221455166966585e+00
4.621356223662145268e+00
4.621365848159262768e+00
4.621365848159262768e+00
4.621374096709120138e+00
4.621393557021764131e+00
4.621397837022970023e+00
4.620964805088417116e+00
4.621137850487347265e+00
4.620324292581125647e+00
4.621478058714538761e+00
4.620834264968789462e+00
4.618371624607039649e+00
4.620212538100390454e+00
4.620142279525758511e+00
4.620575463897015567e+00
4.620499549643632520e+00
4.620002558130908987e+00
4.620002558130908987e+00
4.616422592917439616e+00
4.618543674655641418e+00
4.618543674655641418e+00
4.614828333920586445e+00
4.617435042131583955e+00
2.598196718822268103e+00
2.566715054182344247e+00
2.543169048275838229e+00
2.598196718822268103e+00
2.598196718822268103e+00
2.598196718822268103e+00
2.598196718822268103e+00
2.645536983855518720e+00
2.755851416361701389e+00
2.755851416361701389e+00
2.755851416361701389e+00
2.818210561266911274e+00
2.833661169159329418e+00
2.833661169159329418e+00
2.833661169159329418e+00
2.885048595381135339e+00
2.929746983596369425e+00
2.988630567736330512e+00
3.001140584713675619e+00
2.995552992888587340e+00
3.022745776460321387e+00
3.052188659060552922e+00
3.052188659060552922e+00
3.046908598902256404e+00
3.117258635317084359e+00
3.294340673085690341e+00
3.299590756011329784e+00
3.335333275422314614e+00
3.331636626373349230e+00
3.325933129736208915e+00
3.445680234597115366e+00
3.476364818574080751e+00
3.476364818574080751e+00
3.461005305384943664e+00
3.464906416432740333e+00
3.476364818574080751e+00
3.505135518252494808e+00
3.511927063767522839e+00
3.496597931959676053e+00
3.491754963881744889e+00
3.513068960947705044e+00
3.526503168896228946e+00
3.509199163789811227e+00
3.361966482291101066e+00
3.362008904146003729e+00
3.297183726540549031e+00
3.336902247471037253e+00
3.225222955093388411e+00
3.384696531085589655e+00
3.421842007886756409e+00
3.370048910167863898e+00
3.442512377459326700e+00
3.362411655152141243e+00
3.297018430619065299e+00
3.243349732563229448e+00
3.243349732563229448e+00
3.243349732563229448e+00
3.243349732563229448e+00
3.175754933014996340e+00
3.145166836151035650e+00
3.145166836151035650e+00
3.145166836151035650e+00
3.120490494889740951e+00
3.143322478185042179e+00
3.137420743060629569e+00
3.089030214115634276e+00
3.070466521170811092e+00
3.087565083322460602e+00
3.087565083322460602e+00
3.096758153384279399e+00
3.096758153384279399e+00
3.096758153384279399e+00
3.096758153384279399e+00
3.096758153384279399e+00
3.096758153384279399e+00
3.052701190322975044e+00
3.039078902638951085e+00
3.019643815393048047e+00
3.019643815393048047e+00
3.042434800117806759e+00
3.087565083322460602e+00
3.092139092905745734e+00
3.052701190322975044e+00
3.074116278909605704e+00
3.085255015469782425e+00
3.085255015469782425e+00
3.059709877751947360e+00
2.926270110130745117e+00
2.926270110130745117e+00
2.926270110130745117e+00
2.926270110130745117e+00
2.926270110130745117e+00
2.926270110130745117e+00
2.926270110130745117e+00
2.926270110130745117e+00
2.924607035484589446e+00
2.930792674935574382e+00
2.948747587976598084e+00
2.939238960088967012e+00
2.933875983340119564e+00
2.946112517806340314e+00
3.076387078511583439e+00
3.047844665450987200e+00
3.027914635664051168e+00
3.027914635664051168e+00
3.027914635664051168e+00
3.027914635664051168e+00
3.027914635664051168e+00
3.027914635664051168e+00
3.027914635664051168e+00
3.050665391579513663e+00
3.060918838374289130e+00
3.032061005444850466e+00
3.020328843999335433e+00
3.027914635664051168e+00
3.051994194528156790e+00
3.051994194528156790e+00
3.027914635664051168e+00
3.027914635664051168e+00
3.027914635664051168e+00
3.027914635664051168e+00
3.027914635664051168e+00
3.015657478866413221e+00
2.998282389185825902e+00
2.998282389185825902e+00
3.006818994200313622e+00
3.027914635664051168e+00
3.027914635664051168e+00
3.027914635664051168e+00
3.001094532002501758e+00
2.998282389185825902e+00
2.998282389185825902e+00
2.998282389185825902e+00
2.998282389185825902e+00
2.974451782313394244e+00
2.971965117893315522e+00
2.971965117893315522e+00
2.971965117893315522e+00
2.971965117893315522e+00
2.963431669197117202e+00
2.945239702886198074e+00
2.945239702886198074e+00
2.950197891175236897e+00
2.969070254605163939e+00
2.971965117893315522e+00
2.971965117893315522e+00
2.955425281265519288e+00
2.948784306612920236e+00
2.948784306612920236e+00
2.952521626952527178e+00
2.951502999968036001e+00
2.951502999968036001e+00
2.942487719286017267e+00
2.929669279003261462e+00
2.945568832134424664e+00
2.952968905787875631e+00
2.955518668660192638e+00
2.980406752353065958e+00
2.980406752353065958e+00
2.963371623545961508e+00
2.953238207381904790e+00
2.949543931879535119e+00
2.949543931879535119e+00
2.961867210373363424e+00
2.974988460240901578e+00
2.974988460240901578e+00
2.879359259710894570e+00
2.869073718309626209e+00
2.858610015547522476e+00
2.858610015547522476e+00
2.858610015547522476e+00
2.862921276150759198e+00
2.864055035982497888e+00
2.844581705698137508e+00
2.839871785657440917e+00
2.837618915116629115e+00
2.866920948588524976e+00
2.915545194880745150e+00
2.915545194880745150e+00
2.921061550969735077e+00
2.928725839457881897e+00
2.890569452781628357e+00
2.880932615931591556e+00
2.869228522148000060e+00
2.827370407183668721e+00
2.824481010287204885e+00
2.818042516922212748e+00
2.676076908320924375e+00
2.569842265731223208e+00
2.535895094241420900e+00
2.456761552778145230e+00
2.403696829451599903e+00
2.365612724086235019e+00
2.331010938302243929e+00
2.276002929705096989e+00
2.351338705865604339e+00
2.333651068404863693e+00
2.266469983886084893e+00
2.266469983886084893e+00
2.266469983886084893e+00
