0.000000000000000000e+00
1.000100010001000106e-03
2.000200020002000211e-03
3.000300030003000100e-03
4.000400040004000422e-03
5.000500050005000745e-03
6.000600060006000200e-03
7.000700070007000522e-03
8.000800080008000845e-03
9.000900090009001167e-03
1.000100010001000149e-02
1.100110011001100181e-02
1.200120012001200040e-02
1.300130013001300072e-02
1.400140014001400104e-02
1.500150015001500137e-02
1.600160016001600169e-02
1.700170017001700201e-02
1.800180018001800233e-02
1.900190019001900266e-02
2.000200020002000298e-02
2.100210021002100330e-02
2.200220022002200362e-02
2.300230023002300395e-02
2.400240024002400080e-02
2.500250025002500112e-02
2.600260026002600144e-02
2.700270027002700177e-02
2.800280028002800209e-02
2.900290029002900241e-02
3.000300030003000273e-02
3.100310031003100306e-02
3.200320032003200338e-02
3.300330033003300023e-02
3.400340034003400402e-02
3.500350035003500088e-02
3.600360036003600467e-02
3.700370037003700152e-02
3.800380038003800531e-02
3.900390039003900217e-02
4.000400040004000596e-02
4.100410041004100281e-02
4.200420042004200660e-02
4.300430043004300346e-02
4.400440044004400725e-02
4.500450045004500410e-02
4.600460046004600789e-02
4.700470047004700475e-02
4.800480048004800160e-02
4.900490049004900539e-02
5.000500050005000224e-02
5.100510051005100604e-02
5.200520052005200289e-02
5.300530053005300668e-02
5.400540054005400353e-02
5.500550055005500732e-02
5.600560056005600418e-02
5.700570057005700797e-02
5.800580058005800482e-02
5.900590059005900861e-02
6.000600060006000547e-02
6.100610061006100926e-02
6.200620062006200611e-02
6.300630063006300297e-02
6.400640064006400676e-02
6.500650065006501055e-02
6.600660066006600046e-02
6.700670067006700426e-02
6.800680068006800805e-02
6.900690069006901184e-02
7.000700070007000175e-02
7.100710071007100554e-02
7.200720072007200934e-02
7.300730073007301313e-02
7.400740074007400304e-02
7.500750075007500683e-02
7.600760076007601063e-02
7.700770077007701442e-02
7.800780078007800433e-02
7.900790079007900812e-02
8.000800080008001192e-02
8.100810081008100183e-02
8.200820082008200562e-02
8.300830083008300941e-02
8.400840084008401321e-02
8.500850085008500312e-02
8.600860086008600691e-02
8.700870087008701070e-02
8.800880088008801450e-02
8.900890089008900441e-02
9.000900090009000820e-02
9.100910091009101199e-02
9.200920092009201579e-02
9.300930093009300570e-02
9.400940094009400949e-02
9.500950095009501328e-02
9.600960096009600320e-02
9.700970097009700699e-02
9.800980098009801078e-02
9.900990099009901457e-02