1.574381488975544308e+00
1.304563372267498744e+00
1.055580489240863784e+00
9.054889271119492822e-01
8.422857242400723088e-01
8.087253423014979514e-01
8.130277074229130818e-01
8.241967029647534471e-01
8.662330843818499826e-01
9.940362863170331131e-01
1.398266197234029784e+00
2.373345615531223363e+00
1.948850388435380498e+00
1.609690917524476239e+00
2.899675655549165398e+00
3.232328314861025120e+00
3.109033579346130338e+00
2.330357197385403367e+00
2.404329584460877189e+00
2.781912645572826470e+00
3.667481303187539066e+00
3.895626858587956765e+00
4.049206504966628373e+00
4.471038161567337355e+00
4.471038161567337355e+00
4.471038161567337355e+00
4.471038161567337355e+00
4.498389215206159086e+00
4.263473687271909007e+00
4.263473687271909007e+00
4.263473687271909007e+00
4.467371390715744184e+00
4.516415582093283199e+00
4.549303550980908994e+00
4.549303550980908994e+00
4.549303550980908994e+00
4.549303550980908994e+00
4.549303550980908994e+00
4.467231403546318980e+00
4.072787677309991139e+00
2.340580664198770311e+00
2.362537738795233100e+00
2.362537738795233100e+00
2.491280924228433502e+00
3.300902916651968777e+00
2.923171798119994502e+00
2.370104279535700353e+00
2.138077131211767679e+00
1.973862920106915109e+00
1.977791248801100243e+00
2.108514154727843870e+00
2.194007603480772950e+00
1.874532020173385938e+00
1.802070883364604637e+00
1.618448125443880281e+00
1.600143839325149919e+00
1.737226094079456828e+00
1.881482388082483359e+00
1.881482388082483359e+00
1.881482388082483359e+00
2.600849847130406012e+00
2.872457687543776839e+00
2.786961521279692544e+00
2.797811934470133099e+00
2.791744324239352704e+00
2.826069159968349620e+00
2.921501840375190007e+00
2.980563186535548859e+00
2.939582178781393829e+00
2.950141400351436793e+00
2.851108187088194690e+00
3.141815562045051191e+00
3.513623661974985435e+00
3.985578308649450729e+00
3.691733973744793840e+00
3.697944622883128751e+00
3.706206123321110102e+00
4.023957873127261387e+00
4.402294287604469503e+00
3.768880901619886981e+00
3.765421556348908183e+00
3.648041871227001742e+00
3.655768443990082162e+00
3.539270845766504969e+00
3.648280400107847488e+00
3.691760856051742312e+00
3.691639603588401819e+00
3.827353577725798761e+00
4.528833301036454984e+00
4.051467846204531931e+00
4.189151300041950243e+00
3.944315210262596683e+00
3.940918718141949828e+00
3.848105027361892638e+00
3.814364385333330443e+00
3.822960403560518472e+00
3.848105027361892638e+00
3.848105027361892638e+00
3.848105027361892638e+00
3.848105027361892638e+00
