4.018777156927357375e+00
4.019117558665196377e+00
4.020431379293887275e+00
4.021206600095689865e+00
4.020758524966648650e+00
4.020523683677223126e+00
4.020692932529269292e+00
4.021575166674597135e+00
4.023532473002340737e+00
4.023971573913562416e+00
4.023157577475025448e+00
4.024017563082997739e+00
4.023925438474789118e+00
4.023456178115386805e+00
4.021857962183281288e+00
4.021911045520029759e+00
4.022782563780586962e+00
4.019178108346638467e+00
4.014897565935443779e+00
4.009077534375560248e+00
4.005127762946943726e+00
4.002842449409460102e+00
4.010786826044680176e+00
4.008851617136222956e+00
4.007693629519807565e+00
4.003674782588642955e+00
4.003472600246599455e+00
4.008658195702963667e+00
4.014601292289418311e+00
4.020186982418296751e+00
4.025165191923556485e+00
4.024492789023220496e+00
4.025142648030842096e+00
4.028678315368451557e+00
4.037892374919588079e+00
4.036490720301540769e+00
4.039434418127282989e+00
4.043140035056008941e+00
4.046817468232926984e+00
4.049030136586928563e+00
3.001373920132435646e+00
2.901746155281460737e+00
2.900617597372314727e+00
2.877234019993788916e+00
2.843141270858422942e+00
2.806215213025796462e+00
2.776743054068880667e+00
2.859705762364921355e+00
2.853049630439275397e+00
2.843761286473688976e+00
2.863286282160095286e+00
2.928290844062733100e+00
2.926631232618120748e+00
2.926631232618120748e+00
2.926631232618120748e+00
2.984790885598225252e+00
2.944003951408252107e+00
2.846309541032003843e+00
2.846309541032003843e+00
2.846309541032003843e+00
2.854368602350810136e+00
2.857798830004812718e+00
2.853868420401132866e+00
2.849216990072404254e+00
2.874048318856972095e+00
2.862318971190326078e+00
2.860567773839611583e+00
2.866362029746561735e+00
2.886942092453875564e+00
2.885832377209306632e+00
2.911524642234634364e+00
2.879172887369978895e+00
2.885343053905819133e+00
2.885669977840987777e+00
2.885506871013910679e+00
2.882638982250521398e+00
2.846309541032003843e+00
2.885583740145758469e+00
2.891205216097140873e+00
2.949251503750507375e+00
1.000929235281756924e+00
8.139699751189786170e-01
7.380153264095311583e-01
6.804577017099838754e-01
6.686085884406478552e-01
6.686085884406478552e-01
6.647088427777378961e-01
6.190355396574720448e-01
6.190355396574720448e-01
6.227809929930403499e-01
6.524947833108234452e-01
6.524947833108234452e-01
6.924780033356933151e-01
7.126995488622085428e-01
7.378888488861554684e-01
7.631758155112363662e-01
8.160507650164874338e-01
8.520288446622011902e-01
8.886952060527664177e-01
9.551935656594821022e-01
9.921207294016025635e-01
1.033943834366034764e+00
1.037457937109951711e+00
1.020841635853438234e+00
1.009147153724483381e+00
9.851770093158161989e-01
9.691611781253299807e-01
1.005054607754763296e+00
9.766565243317582024e-01
9.158362194070113205e-01
9.150682572665193026e-01
9.006347643980123774e-01
9.006817517501700676e-01
9.006817517501700676e-01
9.625728164631059958e-01
9.977226366921441159e-01
9.909979574873124530e-01
9.276224347808932347e-01
9.252611657161525782e-01
8.880620890085160202e-01
4.004101739581781949e+00
4.000437520871090946e+00
3.993133851663539957e+00
3.990759182962109186e+00
3.993996041390145635e+00
3.989127551261556270e+00
3.989674076416262150e+00
3.996650314172774276e+00
3.995116213412328143e+00
3.999363586149019767e+00
4.000555511840705236e+00
4.003380976461015095e+00
4.006693906482494683e+00
4.007649474178988314e+00
4.008424625221012505e+00
4.006005052096532459e+00
4.002839177955010541e+00
3.992166775640999532e+00
3.957321309648877516e+00
3.955568362794718684e+00
3.940362391138185316e+00
3.938627802951128576e+00
3.931778675376870869e+00
3.929257202183596309e+00
3.913392356156501162e+00
3.906534337349196306e+00
3.866083867312180011e+00
3.815296201868341619e+00
3.870002712026685110e+00
3.877159141976819434e+00
3.858630604953953824e+00
3.805336510772303171e+00
3.678869318269754718e+00
3.487660671474190011e+00
3.266318058902758281e+00
3.182084892015821342e+00
3.118605615712147117e+00
2.996055438243078850e+00
2.889135569266530368e+00
2.614141946149540097e+00
4.541757088759424299e+00
4.565414014879949356e+00
4.755649770803235477e+00
4.784083998601336596e+00
4.790137607068352565e+00
4.750692351436185845e+00
4.825570174843302418e+00
4.884394779048941260e+00
4.909537502572843159e+00
4.888777632641912341e+00
4.898771055073965819e+00
4.919844789220727321e+00
4.958271791759596425e+00
4.956601838990855491e+00
4.969942077617112375e+00
4.999968164681560800e+00
5.022655422299457051e+00
5.032170007440702975e+00
5.010867480791288742e+00
5.007243671843011334e+00
4.975110673683491136e+00
4.956556449672167020e+00
4.965816703751920080e+00
4.944979407060706045e+00
4.916067161283197429e+00
4.929235472735623347e+00
4.888840583346099500e+00
4.824508779348236409e+00
4.814625203835912970e+00
4.885397873003480385e+00
4.904151342111982004e+00
4.912239562585939190e+00
4.910346868225637706e+00
4.930802483257259894e+00
4.925498238844414622e+00
4.938527995675495497e+00
4.910587378377928580e+00
4.929064010481499558e+00
4.973057090004709302e+00
4.972067552725987660e+00
2.009193735356262778e+00
2.015650261219999351e+00
2.011613839792045333e+00
2.013514542335142821e+00
2.012660367060113753e+00
2.012823849909753715e+00
2.012843123327032302e+00
2.012714488984550076e+00
2.012879632646564332e+00
2.013088372338662335e+00
2.013168550548033231e+00
2.013126441093641361e+00
2.012864545637726987e+00
2.012562686100928033e+00
2.012206889461076287e+00
2.012576068599456924e+00
2.012697586404578853e+00
2.012932072311313547e+00
2.013133895341540747e+00
2.013068843602110469e+00
2.013105598668246010e+00
2.013139269949901333e+00
2.013066356281147939e+00
2.013154788943499085e+00
2.013156868985204184e+00
2.013002562224830427e+00
2.013207617241227432e+00
2.013261089808557003e+00
2.013249434001936233e+00
2.013383939763171426e+00
2.013419804737587526e+00
2.013480472358868845e+00
2.013590195336356192e+00
2.013781343065331519e+00
2.014159521369142780e+00
2.014866345361181921e+00
2.015971669336475536e+00
2.018519259370044949e+00
2.025930490882031698e+00
2.029344039877134076e+00
2.011613518039978121e+00
2.011474403065523386e+00
2.012161187667287798e+00
2.012336779247315910e+00
2.012453331649338484e+00
2.012485871353284494e+00
2.012584143440676598e+00
2.012951907474553881e+00
2.013054582890546840e+00
2.012464757292950157e+00
2.013809953979062151e+00
2.016907046483825905e+00
2.017956109368940432e+00
2.015377733531879656e+00
2.017370070674577853e+00
2.015161547330406311e+00
2.016720720571588021e+00
2.034731653533295770e+00
2.062881562354164533e+00
2.097145649787437449e+00
2.058732218060484787e+00
2.010514210291096227e+00
2.014952821299765162e+00
2.082654930726897557e+00
2.126768661429958129e+00
2.190278635362035597e+00
2.145851836018920711e+00
2.119833069660591374e+00
2.116469281229681698e+00
2.110186926415308140e+00
2.086723604768485174e+00
2.243762244806135620e+00
2.080596049964681171e+00
1.956658527792052071e+00
1.698183522190983563e+00
1.720853254948445432e+00
1.558606896779527018e+00
1.314861959789433099e+00
1.387660633600237947e+00
1.457280066212748748e+00
3.034764860789533003e+00
3.011427508825565091e+00
2.899421978489407969e+00
2.855384782513513908e+00
2.828748913580925173e+00
2.765209531534758014e+00
2.759725368145157010e+00
2.759725368145157010e+00
2.796847429824800280e+00
2.846309541032003843e+00
2.796847429824800280e+00
2.822478243796046726e+00
2.763349868495696970e+00
2.845390572944407115e+00
2.957533535191009921e+00
3.000378848081886485e+00
2.878836200604523388e+00
2.880004194807551876e+00
2.922416712806371386e+00
2.975507715849293522e+00
2.942490264780163400e+00
2.983104641149678660e+00
2.983104641149678660e+00
2.983104641149678660e+00
2.980712183108993329e+00
2.970871530279440620e+00
2.959320284828204528e+00
2.996606687556360615e+00
2.996786926827069486e+00
3.004391386715458356e+00
3.024858741227788528e+00
3.066218912993064816e+00
3.069393125050169147e+00
3.182127533658345442e+00
3.260977233668159947e+00
3.281705404880897348e+00
3.362674841572031337e+00
3.331264413876865227e+00
3.259575267302855295e+00
3.319879580307757205e+00
2.951320471502778542e+00
3.052715758616270314e+00
3.034851810559065832e+00
3.091019880642019935e+00
3.177653881469551855e+00
3.111566794180042006e+00
3.016490635444891044e+00
3.016490635444891044e+00
3.016490635444891044e+00
3.016490635444891044e+00
3.017977386990388311e+00
3.040823198195086619e+00
3.120292662804398542e+00
3.108578891072492745e+00
3.130589396647178280e+00
3.143543933409262525e+00
3.152998397584588108e+00
3.158842835755020229e+00
3.226794191017172686e+00
3.234165253520291383e+00
3.234165253520291383e+00
3.234165253520291383e+00
3.218622837974449258e+00
3.206090193588411630e+00
3.204869486625185893e+00
3.187593420269452693e+00
3.197335105178359171e+00
3.201896167785757807e+00
3.202763775124787937e+00
3.242873785931589925e+00
3.279466474449090008e+00
3.321482183703922786e+00
3.340251766146393742e+00
3.351968304109682606e+00
3.353398273676094998e+00
3.326186310371205934e+00
3.323725647678390960e+00
3.323188285971849787e+00
3.323725647678390960e+00
3.293766358954814510e+00
4.339374386388853644e+00
4.577891048903869553e+00
4.763619820200441168e+00
5.028027742764727748e+00
5.065109800461146783e+00
5.091323893617825114e+00
5.101337227133147856e+00
5.113448198173171200e+00
5.128999463012393178e+00
5.134473749890052119e+00
5.131778875510815574e+00
5.126030847107474919e+00
5.112331576639309816e+00
5.024620022984684908e+00
4.996442658647810120e+00
4.979864592036163273e+00
4.974093988158958091e+00
4.956581298510870148e+00
4.944906144245652335e+00
4.961181179812671260e+00
4.935344020817297839e+00
4.923071324444265429e+00
4.950688771636980512e+00
4.925286122035391401e+00
4.937886027612971240e+00
4.945735018974304786e+00
4.945735018974304786e+00
4.914784335662344184e+00
4.898740472071133389e+00
4.899870307839288230e+00
4.904879638958902888e+00
4.902583278203703543e+00
4.864348889539330756e+00
4.890799528163968013e+00
4.864725005775477840e+00
4.869585932372600290e+00
4.941617970598112031e+00
4.921267482128468096e+00
4.962439559317867399e+00
4.963379194171565700e+00
7.794549737729761230e-01
7.843409947689869988e-01
7.812585887247034400e-01
8.149882509740720149e-01
8.195499905504176619e-01
9.923645753695136129e-01
1.085332212343627312e+00
9.451615773542687560e-01
9.753937535417354088e-01
1.058625154947841596e+00
1.062890725684301430e+00
1.172543459390074760e+00
1.294352023710395150e+00
1.192089532936007723e+00
1.172543459390074760e+00
1.088307563630641628e+00
1.066895707040875996e+00
1.066895707040875996e+00
1.066895707040875996e+00
1.066895707040875996e+00
1.066895707040875996e+00
9.621038730957285345e-01
9.711035195215567128e-01
1.066895707040875996e+00
1.066895707040875996e+00
1.066895707040875996e+00
1.015257509469926100e+00
9.766480125410472724e-01
9.766480125410472724e-01
9.766480125410472724e-01
9.766480125410472724e-01
9.766480125410472724e-01
9.766480125410472724e-01
1.044864011497437462e+00
1.010948580744115866e+00
9.766480125410472724e-01
9.114889010800668601e-01
7.072873399400555483e-01
7.145270834433261609e-01
6.825453985988749750e-01
4.843652952580747240e+00
4.796325227857693108e+00
4.794597616993386602e+00
4.841237247832602009e+00
4.853952763322024744e+00
4.894695814159445213e+00
4.936139875866465410e+00
4.968358883372063772e+00
5.026274691050748089e+00
5.036248780590574903e+00
5.048104150074637531e+00
5.046075971551595707e+00
5.046439691899619717e+00
5.047232245779845528e+00
5.055055785284966241e+00
5.049035741863594495e+00
5.044051278507102332e+00
5.021793762626038493e+00
4.982526229086793990e+00
4.956245288399657944e+00
4.947191916202138273e+00
4.963313203767715009e+00
4.950991576146730466e+00
4.951674922428160208e+00
4.929957728972666153e+00
4.955004152009169438e+00
4.962365849322261546e+00
4.966256849082991920e+00
4.965733120430501302e+00
4.969676845211465910e+00
4.975143926089740098e+00
4.936892780423406180e+00
4.878072546255075359e+00
4.900778588378488898e+00
4.901512826761616815e+00
4.891267906941433097e+00
4.909741334886518871e+00
4.884945142450156652e+00
4.710395472589255839e+00
4.707315565174989835e+00
1.612043598725835469e+00
1.694452067005236540e+00
1.697205221089001403e+00
1.697205221089001403e+00
1.595680451295518276e+00
1.560471441666792192e+00
1.705249878947509679e+00
1.773128205976266969e+00
1.666981394862052435e+00
1.560471441666792192e+00
1.560471441666792192e+00
1.560471441666792192e+00
1.560471441666792192e+00
1.479443518727164841e+00
1.347416161115000177e+00
1.394695713203274900e+00
1.303303679854332930e+00
1.264382034426984269e+00
1.264382034426984269e+00
1.264382034426984269e+00
1.264382034426984269e+00
1.074742493450419056e+00
1.022269563849133700e+00
1.012796743284581913e+00
9.498955601932775883e-01
1.136034500212058429e+00
1.136034500212058429e+00
1.136034500212058429e+00
1.136034500212058429e+00
1.136034500212058429e+00
1.136034500212058429e+00
1.026385845394640173e+00
1.019814656948754061e+00
1.041205295456613111e+00
1.169857771756049880e+00
1.118232241250222803e+00
1.118232241250222803e+00
1.118232241250222803e+00
1.114783809231962408e+00
1.081137149344172377e+00
3.958257888450082085e+00
3.988064795254802064e+00
4.003125113782815880e+00
4.005145204246538526e+00
4.010077499112608024e+00
4.011829853289121672e+00
4.013363453509295020e+00
4.015602798480272462e+00
4.017439268885468096e+00
4.017754115630122413e+00
4.016252802108892794e+00
4.016390655608312876e+00
4.018729415112257897e+00
4.021136762182527136e+00
4.022694861886339623e+00
4.024460737018958234e+00
4.026235074009832715e+00
4.025789856049216908e+00
4.026147516614225985e+00
4.031154734668410455e+00
4.038683670811200166e+00
4.039518315733051423e+00
4.034555709769715115e+00
4.032368131154663971e+00
4.030930792288765829e+00
4.029449588782759939e+00
4.030286006903613938e+00
4.032224847473808715e+00
4.029108146381152444e+00
4.025079476406805412e+00
4.025820577383566246e+00
4.027195590368569000e+00
4.032849711753624611e+00
4.034580452000595230e+00
4.039385813298025596e+00
4.041343070430812645e+00
4.028663944401563057e+00
4.000918215743279660e+00
3.985122475104113438e+00
3.873054903939298299e+00
2.012964032222871236e+00
2.012889427824225308e+00
2.012146987206820281e+00
2.011770313559288148e+00
2.010608190346383495e+00
2.009972761623890047e+00
2.009516069950253225e+00
2.009064197660114459e+00
2.008274192667729885e+00
2.006520002940422209e+00
2.005539202726334569e+00
2.004081808437129464e+00
2.004996142931586789e+00
2.004014664755224384e+00
2.003987289994980436e+00
2.003742706821737052e+00
2.001536775082668917e+00
1.999216294025918383e+00
1.999372921430176975e+00
1.999345776111821849e+00
1.999427809786157750e+00
1.996126608500974342e+00
1.989125857313428725e+00
1.984575483580358624e+00
1.976850136475259756e+00
1.967831088145285845e+00
1.963945465719781680e+00
1.954401517584124948e+00
1.945695580607860631e+00
1.939379559430977285e+00
1.931270250282579370e+00
1.932983652415103615e+00
1.971171624003459577e+00
2.047185101540121455e+00
2.073978337490581580e+00
2.137956110980172575e+00
2.112251063094971570e+00
2.451811018055285452e+00
2.379448159144383013e+00
2.626020611831456630e+00
