4.941717911909433880e+00
4.944427373920238900e+00
4.944462618588423730e+00
4.941662162101244427e+00
4.984271652468555303e+00
4.989833778324748614e+00
4.957559202467690440e+00
4.970925640183703642e+00
4.975277253667779398e+00
4.974679813694116604e+00
4.969032430922496246e+00
4.970430459967563053e+00
4.904524108952260875e+00
4.879325461822374699e+00
4.958859433397075023e+00
4.941778213650617424e+00
4.947288042185545187e+00
4.955291059746389060e+00
4.892981622972864209e+00
4.886277227695139835e+00
4.953682608431912548e+00
4.981402282344648214e+00
4.994527512873045083e+00
4.989525086769693196e+00
4.989048947358013741e+00
4.978090919892328436e+00
4.984915508334577083e+00
4.980878231102758846e+00
4.967714677342265794e+00
4.964831011259541960e+00
4.977360199514304639e+00
4.989200905827124721e+00
4.960844959714398428e+00
4.964114428819594416e+00
4.970392896766942847e+00
4.951460021337037887e+00
4.945640214791587219e+00
4.964352405859369100e+00
4.960244673022361717e+00
4.940474791182621672e+00
3.890803496899553515e+00
3.883977715652328300e+00
3.913845592151608876e+00
3.950489448427386030e+00
3.971298287497055934e+00
3.971678598589690079e+00
3.963120777615571466e+00
3.969827541071976551e+00
3.973318082389219352e+00
3.973397983697847469e+00
3.973374816358580031e+00
3.973304436730030975e+00
3.973182119579951266e+00
3.973027759021273919e+00
3.973090744247362860e+00
3.971298181547662676e+00
3.507314959193038373e+00
3.554490209908985232e+00
3.961347714953545651e+00
3.971182143747343130e+00
3.972555783937574247e+00
3.972658280941924858e+00
3.971583685209150172e+00
3.969973724006456983e+00
3.967267303360705100e+00
3.969157419348444016e+00
3.972667156272331912e+00
3.973370576666269027e+00
3.973323167030185399e+00
3.973333620177289749e+00
3.973380948020080350e+00
3.973368221148127599e+00
3.973355505829421208e+00
3.973348429444138130e+00
3.973325133286274902e+00
3.973346756694883908e+00
3.972068525572356457e+00
3.918331793611067315e+00
3.706774899534448053e+00
1.401361173364480628e+00
2.986343264169675660e+00
2.876055888244925196e+00
2.942892878500511067e+00
2.933458471843106707e+00
2.952678036878263246e+00
2.952678036878263246e+00
3.025887797367947663e+00
3.050733076543366895e+00
3.045121477507523267e+00
3.052753658038608542e+00
3.040947297865629562e+00
3.026917028537820631e+00
3.036960860298357545e+00
3.034439988961043166e+00
3.020462704939464338e+00
3.027923371839295719e+00
3.013071660545400210e+00
2.970278319961801472e+00
2.971726418004145387e+00
2.963307766399990495e+00
3.030833787813387747e+00
2.978312254702396356e+00
3.001588550358113672e+00
2.956775531714245453e+00
2.910652487971451929e+00
2.887874062906664818e+00
2.936471474413208327e+00
3.011875571675487695e+00
2.996594035963605407e+00
3.078358469889663329e+00
3.074257325516601469e+00
3.184030186049541022e+00
3.164097751905653233e+00
3.162323566277005504e+00
3.165332250309431217e+00
3.232799136169823839e+00
3.128893660065481974e+00
2.970963576271618223e+00
2.913966705065243801e+00
2.879754898337258950e+00
2.048499288523152106e+00
2.050094893803364737e+00
2.126556220332610714e+00
2.150791983725713230e+00
2.123576614716216060e+00
2.140503173197526365e+00
2.133085284618197353e+00
2.102262339078897480e+00
2.025875321821675623e+00
2.031566200158180457e+00
2.006254711854881023e+00
2.015962121444741406e+00
2.010736323437065654e+00
1.994618470974815150e+00
1.964457869399613754e+00
1.984396938432058111e+00
1.945183239344410175e+00
2.057113560669217911e+00
2.014415830763743198e+00
1.740461137917899137e+00
1.852293660556729282e+00
2.008244303354446814e+00
2.002755704096468303e+00
1.941637758306301809e+00
2.029651377242742694e+00
2.037110767918119958e+00
2.141216751914777561e+00
2.161404047106711968e+00
2.162110562156940308e+00
2.165134413891343534e+00
2.162150762914243352e+00
2.166894810820068074e+00
2.162392545654737042e+00
2.163350584927039577e+00
2.162572700847175788e+00
2.156624982081513764e+00
2.167079857605090698e+00
2.046158346477190637e+00
2.004486398298416461e+00
2.062664430802771953e+00
1.624844012549866878e+00
1.199715689623928272e+00
1.093392729812852071e+00
1.057086752922356432e+00
1.017533389957312684e+00
1.017533389957312684e+00
1.017533389957312684e+00
1.017533389957312684e+00
1.017533389957312684e+00
1.045362440577118246e+00
1.087895017220084304e+00
1.087895017220084304e+00
1.087895017220084304e+00
1.087895017220084304e+00
1.036781842606290915e+00
1.004292868634362179e+00
1.006343533953133917e+00
9.901444838708193252e-01
9.901444838708193252e-01
9.901444838708193252e-01
9.901444838708193252e-01
9.901444838708193252e-01
9.815768359866980930e-01
9.845553710098631228e-01
9.168868524645225060e-01
9.507133090679059650e-01
9.901444838708193252e-01
9.894671762739779552e-01
9.901444838708193252e-01
9.836000225997034718e-01
9.168868524645225060e-01
9.168868524645225060e-01
9.168868524645225060e-01
9.168868524645225060e-01
1.372060469657684578e+00
1.414327474885332947e+00
1.418336364718870701e+00
1.456243548651817710e+00
1.450080598946777322e+00
1.417291530079666018e+00
