1.259136427452173468e+00
1.259136427452173468e+00
1.259136427452173468e+00
1.259136427452173468e+00
1.259136427452173468e+00
1.259136427452173468e+00
1.259136427452173468e+00
1.259136427452173468e+00
1.259136427452173468e+00
1.259136427452173468e+00
1.259136427452173468e+00
1.259136427452173468e+00
1.259136427452173468e+00
1.259136427452173468e+00
1.259136427452173468e+00
1.259136427452173468e+00
1.259136427452173468e+00
1.259136427452173468e+00
1.259136427452173468e+00
1.259136427452173468e+00
1.259136427452173468e+00
1.259136427452173468e+00
1.259136427452173468e+00
1.259136427452173468e+00
1.259136427452173468e+00
1.259136427452173468e+00
1.259136427452173468e+00
1.259136427452173468e+00
1.259136427452173468e+00
1.259136427452173468e+00
1.259136427452173468e+00
1.259136427452173468e+00
1.259136427452173468e+00
1.259136427452173468e+00
1.259136427452173468e+00
1.259136427452173468e+00
1.259136427452173468e+00
1.259136427452173468e+00
1.259136427452173468e+00
1.259136427452173468e+00
2.074137573599746709e+00
2.183183776363325279e+00
2.314234161106748289e+00
2.551850061285654281e+00
2.529842888063750905e+00
2.115050719332741913e+00
2.389593061035361288e+00
2.733736644484300538e+00
2.782613095699136174e+00
2.144048199745369754e+00
2.074930954386670301e+00
2.065195838024975750e+00
2.064528883971819440e+00
2.064484020739662196e+00
2.064482772077368189e+00
2.064407415523707989e+00
2.064063008259694243e+00
2.059198818935937592e+00
2.061494263100886570e+00
2.064077755492406574e+00
2.063956111291785245e+00
2.063722919936410438e+00
2.064322606145718275e+00
2.064443583959485018e+00
2.064270809130306361e+00
2.065016111279904365e+00
2.064972053875409053e+00
2.064390338865225161e+00
2.062386017428018636e+00
2.063390426923584542e+00
2.062714795576523930e+00
2.062849148248765196e+00
2.063613961266659302e+00
2.063118028749360899e+00
2.056801837156107204e+00
2.061088239373407127e+00
2.053988726636568174e+00
2.016107058887343317e+00
2.041619728398306854e+00
1.906065892928682892e+00
3.943893020094688673e+00
3.944991355163268487e+00
3.945149232781026249e+00
3.943781001479293558e+00
3.935422693837360875e+00
3.942527578728838300e+00
3.944399550305038638e+00
3.942585749309125198e+00
3.942839508097877754e+00
3.944846948764618944e+00
3.944108022365300670e+00
3.945018560974451916e+00
3.945141605503954096e+00
3.945154636313451313e+00
3.943982571925721103e+00
3.940592139955044537e+00
3.933914216716241086e+00
3.928779113453951588e+00
3.928527168102889711e+00
3.919032171698459521e+00
4.038448357230824293e+00
3.998523091958539943e+00
4.090321943467969845e+00
4.089514654860225917e+00
4.056644971755646978e+00
3.988230293187645437e+00
3.960260653879142723e+00
3.970536833278941913e+00
3.948843380222844424e+00
3.985111350813050901e+00
3.953943978778295953e+00
3.946248741645161484e+00
3.945952465372922990e+00
3.945887017344822834e+00
3.945801923525661170e+00
3.945684518373990812e+00
3.945700219840226453e+00
3.945352578279474720e+00
3.944525164602138645e+00
3.943323125846080579e+00
5.082232233269420973e+00
5.082258378202322291e+00
5.082210091145404007e+00
5.082207705427732591e+00
5.081974611032887168e+00
5.082021395321733692e+00
5.082051909065286921e+00
5.082055019968731102e+00
5.081937719038300827e+00
5.081972718824545154e+00
5.081953448905499826e+00
5.081798927692927847e+00
5.081836144896396235e+00
5.081632479191826590e+00
5.081016340354471694e+00
5.079967693327285261e+00
5.076285137739395381e+00
4.821993374429055734e+00
4.918799010306235786e+00
4.990261535370700940e+00
5.049550889226605221e+00
5.027003617942735758e+00
5.056684855354617980e+00
5.069162490365979323e+00
5.076552527440863827e+00
5.079659349398346180e+00
5.081560977938831769e+00
5.081629531737556604e+00
5.081865965836232846e+00
5.082075467369525867e+00
5.081943640675246954e+00
5.081881094146526223e+00
5.080985949150774061e+00
5.076340077941829065e+00
5.076739724510037632e+00
5.076474551235266475e+00
4.944399265688865341e+00
5.030024773651726733e+00
4.982302268973851866e+00
4.779540193404708148e+00
1.207115332382509454e+00
1.207115332382509454e+00
1.207115332382509454e+00
1.207115332382509454e+00
1.207115332382509454e+00
1.207115332382509454e+00
1.207115332382509454e+00
1.207115332382509454e+00
1.207115332382509454e+00
1.207115332382509454e+00
1.207115332382509454e+00
1.203914947645789102e+00
1.218476879591402717e+00
1.218476879591402717e+00
7.661991310942876110e-01
6.890458887492681983e-01
6.890458887492681983e-01
6.890458887492681983e-01
6.890458887492681983e-01
6.890458887492681983e-01
6.890458887492681983e-01
7.155526267075917879e-01
6.484384910618002928e-01
7.314186856217976818e-01
1.183588161350061174e+00
1.259136427452173468e+00
1.259136427452173468e+00
1.230038340075900294e+00
1.207115332382509454e+00
1.207115332382509454e+00
1.207115332382509454e+00
1.207115332382509454e+00
1.207115332382509454e+00
1.207115332382509454e+00
1.207115332382509454e+00
1.207115332382509454e+00
1.207115332382509454e+00
1.207115332382509454e+00
1.207115332382509454e+00
1.207115332382509454e+00
3.053948341212255446e+00
3.053948341212255446e+00
3.012575862626348577e+00
2.989205615463317312e+00
2.986253049877371168e+00
3.006679588303598383e+00
3.011833313695409409e+00
2.982854521026991002e+00
2.982854521026991002e+00
2.896701762706081151e+00
2.997681423033407899e+00
2.836799792740347659e+00
3.020138267666440335e+00
2.982854521026991002e+00
3.035886162009651112e+00
2.947594242403320575e+00
2.952371287332176575e+00
2.982854521026991002e+00
2.982854521026991002e+00
2.982854521026991002e+00
2.950163405371755587e+00
2.982854521026991002e+00
2.952921460384010377e+00
2.855453748113709889e+00
2.662691146546660725e+00
2.834306580015879096e+00
2.938183729060442673e+00
2.938183729060442673e+00
2.908659926380629202e+00
2.846093008630783849e+00
2.930997948779075823e+00
2.846093008630783849e+00
2.846093008630783849e+00
2.846093008630783849e+00
2.911201343063110958e+00
2.962380410535181863e+00
2.856444709582348640e+00
2.931708191802184338e+00
2.846093008630783849e+00
2.851349632378943788e+00
3.043816224907066381e+00
3.043816224907066381e+00
3.004306175066782991e+00
2.982854521026991002e+00
3.016686214885627493e+00
3.035818290090884997e+00
3.056730115133619030e+00
3.053948341212255446e+00
3.067208860350071564e+00
3.021806714958969131e+00
3.021780363012781745e+00
3.055308695307940692e+00
3.006563007736268389e+00
3.010802848502037943e+00
3.004015754911948832e+00
3.004015754911948832e+00
3.004681744919786457e+00
3.005956023314512837e+00
3.012001903388962010e+00
3.010802848502037943e+00
3.004015754911948832e+00
3.002271680030661916e+00
3.011691280538345339e+00
3.034874445126539921e+00
3.033768059434075237e+00
3.037055609023841196e+00
3.029939393526821068e+00
3.034874445126539921e+00
3.054485026094595490e+00
3.060638851571959140e+00
3.034874445126539921e+00
3.062980689793926903e+00
3.050758766406704847e+00
3.061060288403303797e+00
3.043950042670250600e+00
3.038973907986862510e+00
3.016564123770252959e+00
3.029548065519991340e+00
3.056339427114428631e+00
3.025572828804991676e+00
2.062725278158714204e+00
2.062683238284364506e+00
2.064743839742035014e+00
2.063999643320604704e+00
2.062647035451546262e+00
2.061250871051074185e+00
2.056083057879859233e+00
2.048817517947679967e+00
2.058698358100786940e+00
2.056904250106449616e+00
2.052058564115563755e+00
2.058027569853380534e+00
2.058362180832094879e+00
2.062985502376210700e+00
2.064705433309241833e+00
2.067373055181378927e+00
2.085922794618010556e+00
2.089501327611684722e+00
2.090450999088344641e+00
2.097563515766204478e+00
2.172781817546671768e+00
2.122177448365155428e+00
2.125641086279930647e+00
2.164748610569463771e+00
2.165822304496175299e+00
2.100702843555044996e+00
2.073772133491381009e+00
2.073243669214092755e+00
2.079856774664454733e+00
2.078507701358240922e+00
2.068057317871099698e+00
2.066918321000190240e+00
2.065891258466558522e+00
2.064946717351376027e+00
2.065014376461737022e+00
2.065576153802311410e+00
2.065153482672576146e+00
2.065440908035380829e+00
2.065891763019706229e+00
2.065816164087035389e+00
5.043185284971618998e+00
5.032621513917025169e+00
4.975364529222286336e+00
5.018366134593062355e+00
5.045088148291513974e+00
5.015043553841694646e+00
4.913080964024249653e+00
4.930777637616923670e+00
5.008839618572286767e+00
4.961652633522140476e+00
4.979825937985522089e+00
4.958930048501493104e+00
4.996711620690284406e+00
5.000408024474692681e+00
4.990311551925302069e+00
4.979372013588267976e+00
4.919117083057214401e+00
4.943950102038458638e+00
4.809563130304519873e+00
4.730966897554170103e+00
4.708557014096202309e+00
4.897920815832167207e+00
4.999065381389810270e+00
4.997114810882489877e+00
5.009891910804809001e+00
5.039766933551083739e+00
5.042827183147672088e+00
5.042701566940165137e+00
5.044597272513769326e+00
5.044579049232909895e+00
5.046537449770379880e+00
5.043559624907285155e+00
5.041302703858084655e+00
5.039795612488058296e+00
4.936464082454014246e+00
4.729592735082853494e+00
4.761559960951127657e+00
4.811419961832847036e+00
4.689159723575788696e+00
4.691405909200838664e+00
4.999245597005321784e+00
4.986175365594968767e+00
5.025705388802101936e+00
5.037888073019290758e+00
5.060153121426962386e+00
5.046758527267876104e+00
5.040558678014004812e+00
5.053372402405456043e+00
5.070150477652731524e+00
5.073967969383549104e+00
5.068858963281750007e+00
5.073850213448451996e+00
5.075366654039378034e+00
5.076918242296791561e+00
5.072407962197280185e+00
5.076812623515174039e+00
5.074824029488938848e+00
5.070099691945857856e+00
5.053738433870440971e+00
5.065660871652914565e+00
5.072745512924752731e+00
5.077895298623021247e+00
5.076305224705935260e+00
5.071794457050962990e+00
5.073013410209650687e+00
5.072861409478692352e+00
5.070920356406357854e+00
5.069829036300578906e+00
5.070104677664389214e+00
5.064957584799239854e+00
5.032197959253565500e+00
4.973328017124083900e+00
5.009169824462691878e+00
5.029616926224237616e+00
5.011923822329658051e+00
5.005829162112350517e+00
5.056502604768343900e+00
5.065568175235334536e+00
5.070430298856836160e+00
5.065772711191550925e+00
3.008034279482772799e+00
3.008034279482772799e+00
3.008034279482772799e+00
3.052520434515166414e+00
3.208225637460301094e+00
3.151987271274438118e+00
3.060766530670355312e+00
3.062014419623099393e+00
3.066214833109102589e+00
3.062346723467527898e+00
3.115707061554880308e+00
3.158233652357095078e+00
3.271831608304620609e+00
3.266470951022210301e+00
3.080690317044556537e+00
3.047047823801723343e+00
3.114119657087244253e+00
3.260959930701777587e+00
3.282639869913455133e+00
3.273245711218880416e+00
3.281482791427337453e+00
3.282323298277030066e+00
3.282639869913455133e+00
3.272977105458966474e+00
3.200331200680575527e+00
3.300266704234416260e+00
3.275662910803815553e+00
3.158145173265746841e+00
3.125616070710490302e+00
3.019639235824984169e+00
3.017529621535725681e+00
2.996537340075601907e+00
3.018060425690852977e+00
3.029584866658454612e+00
3.034986230209313351e+00
3.019639235824984169e+00
3.019639235824984169e+00
3.019639235824984169e+00
3.044369586518589355e+00
3.102075489183091062e+00
2.054974059848617252e+00
2.043292298233357673e+00
2.058324558625232115e+00
2.060988715222984879e+00
2.059070669451675606e+00
2.057235933491691426e+00
2.052630142431278060e+00
2.057538258731809844e+00
2.061142403800862777e+00
2.062047877013243991e+00
2.059025428774012401e+00
2.060482870289104262e+00
2.057510555649397332e+00
2.050127920407559312e+00
2.055588569067853477e+00
2.056391589107010809e+00
2.057390282778207791e+00
2.041724536518544131e+00
2.041071343902073565e+00
2.029224234196011167e+00
1.974768474323936207e+00
1.977225859182947687e+00
1.995835290562056219e+00
1.959170710050940789e+00
1.988226175486758285e+00
2.010907376792650858e+00
2.070618695210456828e+00
2.084531061834367094e+00
2.092270237646627784e+00
2.098351424241577057e+00
2.152607877953148563e+00
2.104924041145696201e+00
2.094925090428993997e+00
2.072081953831626855e+00
2.086612109279060601e+00
2.069366644962423507e+00
2.047718501694006044e+00
2.055234659536679054e+00
2.064326190420624929e+00
2.063342361743088382e+00
3.944101952625577390e+00
3.944906092226981187e+00
3.945692685934337973e+00
3.944488664880011264e+00
3.941590465355866435e+00
3.942693979076482336e+00
3.943540235675020433e+00
3.944549055619534172e+00
3.944559998072382889e+00
3.944514221253788477e+00
3.944421726553213325e+00
3.944895023261390410e+00
3.945100791651606986e+00
3.944607764454980181e+00
3.943124181087267477e+00
3.942548788518625447e+00
3.941755297257165669e+00
3.941916854903253498e+00
3.941632883126620523e+00
3.941854699411453833e+00
3.939858833951916051e+00
3.937656570495168484e+00
3.932536489183911854e+00
3.937260956027911707e+00
3.937659747646823138e+00
3.939444668584802578e+00
3.939782967280484716e+00
3.939077540479885453e+00
3.939000376458391628e+00
3.936750417531703405e+00
3.936959383447257821e+00
3.936953775251738286e+00
3.933140114351117766e+00
3.931872597900321953e+00
3.933955968087333499e+00
3.932442737782999576e+00
3.937051550893244656e+00
3.940578800289888939e+00
3.942290948247717974e+00
3.940980961878204347e+00
3.490724690342738246e+00
3.530128726151917196e+00
3.428790493339022749e+00
3.476229144060044796e+00
3.646848810362324667e+00
3.706542859556626546e+00
3.774100377802426909e+00
3.797577331887018293e+00
3.856513199747407139e+00
3.851986665465041870e+00
3.882907928546183829e+00
3.892081188926651336e+00
3.915889068123200811e+00
3.932968169334722486e+00
3.940652670470289554e+00
3.941260330867111694e+00
3.942781663015574534e+00
3.943750968696366765e+00
3.944125083453602354e+00
3.944167725999765839e+00
3.944572778312283479e+00
3.943085597829576905e+00
3.943920025860757850e+00
3.942430006630383232e+00
3.940110591711070587e+00
3.935597880525538272e+00
3.930118371547794087e+00
3.913631657783351869e+00
3.918712419064056096e+00
3.915452874767203273e+00
3.904849627691061809e+00
3.916119053115939774e+00
3.920770485433297647e+00
3.911880724701514378e+00
3.924068708502233882e+00
3.933154158291237934e+00
3.937459674605482629e+00
3.937529467159066154e+00
3.938390032314524003e+00
3.940532544803143633e+00
7.815852670807144076e-01
7.815852670807144076e-01
7.815852670807144076e-01
7.815852670807144076e-01
9.871249475664862771e-01
1.207115332382509454e+00
1.207115332382509454e+00
9.456534644752413454e-01
7.815852670807144076e-01
7.815852670807144076e-01
7.815852670807144076e-01
7.815852670807144076e-01
7.815852670807144076e-01
7.815852670807144076e-01
7.815852670807144076e-01
7.815852670807144076e-01
8.456875285190211811e-01
1.207115332382509454e+00
1.207115332382509454e+00
1.207115332382509454e+00
1.207115332382509454e+00
1.207115332382509454e+00
1.207115332382509454e+00
1.207115332382509454e+00
1.207115332382509454e+00
1.207115332382509454e+00
1.207115332382509454e+00
1.207115332382509454e+00
1.207115332382509454e+00
1.207115332382509454e+00
1.207115332382509454e+00
1.207115332382509454e+00
1.207115332382509454e+00
1.207115332382509454e+00
1.207115332382509454e+00
1.207115332382509454e+00
1.207115332382509454e+00
1.039968501081377950e+00
1.019664420352807799e+00
1.511880065634704895e+00
