2.985154436357495999e+00
2.981691271325487502e+00
2.982596103901009155e+00
2.975291487102124321e+00
2.995260380958554514e+00
2.995260380958554514e+00
3.021767881694609859e+00
3.003124748897831875e+00
3.001886128538798992e+00
3.009997337778293147e+00
2.994521828814306286e+00
2.975475389044366370e+00
2.974744707674225719e+00
2.974600448950188269e+00
2.974600448950188269e+00
2.978037205740724946e+00
2.974600448950188269e+00
2.974600448950188269e+00
2.976898137407207212e+00
2.984436501986138968e+00
2.954492680892860434e+00
2.985586728336530715e+00
2.983077239971590355e+00
2.963984602776138733e+00
2.975462778054947410e+00
2.973156185454986389e+00
2.974949479825458543e+00
2.974949479825458543e+00
2.978506141978982225e+00
2.975246972967183989e+00
2.971830654815086348e+00
2.963663362264691958e+00
2.972495167062718213e+00
2.953996552182001967e+00
2.943115120879559843e+00
2.957404437654671980e+00
2.956988540058977488e+00
2.945300129087095709e+00
2.928865675244519462e+00
2.935224551911950641e+00
4.877591143997706880e+00
4.888400614237722763e+00
4.905043738714766732e+00
4.912465236483871678e+00
4.896364080301775168e+00
4.876001602911441246e+00
4.908754621216516512e+00
4.910354997418886036e+00
4.910298137144518904e+00
4.908651582269266456e+00
4.893741740561878828e+00
4.886466273415638106e+00
4.884229383447238781e+00
4.880899128910993312e+00
4.849422389671350864e+00
4.864705591255309436e+00
4.874309061295210022e+00
4.859424266843252127e+00
4.914293147863133981e+00
4.897847375029704686e+00
4.887140554928617320e+00
4.895447225677261649e+00
4.891351326049710124e+00
4.914556526341126386e+00
4.919515894261719424e+00
4.923411317938452214e+00
4.881426107268046266e+00
4.861380844744513929e+00
4.870644709715939769e+00
4.821441077495044247e+00
4.857472352927506343e+00
4.836403215645229459e+00
4.939234768948741028e+00
4.952504212004967599e+00
4.963022018508823408e+00
4.971805913085614925e+00
4.974138624313033219e+00
4.976580788617902762e+00
4.966989273517734560e+00
4.946550179064649555e+00
2.318214589525639191e+00
2.347263779899738445e+00
2.358035835498977217e+00
2.324780749143511294e+00
1.788238635583263125e+00
1.789479315820136529e+00
1.782259516813294198e+00
1.805353537384287943e+00
1.807685228193439464e+00
1.798768232825079361e+00
1.805443707458934899e+00
1.805772077231708295e+00
1.751790889097992521e+00
1.705692247474865031e+00
2.038497152105866572e+00
1.918421841525868698e+00
1.885501113797295014e+00
1.947738666099506855e+00
1.891034160202623937e+00
1.879045067599010244e+00
1.829362194446805479e+00
1.833047518652996866e+00
1.848107115489031171e+00
1.891129299254759477e+00
1.946588441489131904e+00
1.973667309035558759e+00
2.022690310675813841e+00
2.051112101967370371e+00
2.082831571052675024e+00
2.063031433311533824e+00
2.155198229112677222e+00
2.131459740247864776e+00
1.993145968352175279e+00
1.968550507991215781e+00
1.954516993246423029e+00
1.961724301268987780e+00
1.949269994077081014e+00
1.935824592136863309e+00
1.926962291852482245e+00
1.888931929745625515e+00
2.807763049542661093e+00
2.830272553109069111e+00
2.810879022935629745e+00
2.755255745718414584e+00
2.776283212358300556e+00
2.778960883179314667e+00
2.776764255042156293e+00
2.823217855396592757e+00
2.875718547951210180e+00
3.023356445816533622e+00
2.997736358306700044e+00
3.040743220965503646e+00
3.027451677837876609e+00
3.255332049059884270e+00
3.136017109912617062e+00
3.096241330538206604e+00
3.240471786846634838e+00
3.211073788075881286e+00
3.062448008660739518e+00
3.003680359476668116e+00
2.951873725236495272e+00
2.844082505641355674e+00
3.008767749065396568e+00
3.055972802169963476e+00
3.109186108058622278e+00
3.080503967225532769e+00
3.122403462973522448e+00
3.087797378628483358e+00
3.073577429469506406e+00
3.054071206275797312e+00
3.003844362643729671e+00
3.003844362643729671e+00
3.006669693046431391e+00
3.034861430291197149e+00
3.039664214653019059e+00
3.005597597650557784e+00
2.947469121024934413e+00
2.979074878361919421e+00
3.009332873816711107e+00
3.078547744603667979e+00
3.189957379792133008e+00
3.046508326778026632e+00
3.047074118671917908e+00
3.049514098778161486e+00
3.049592239849014064e+00
3.049592239849014064e+00
3.045061429580396606e+00
2.875416355313379579e+00
2.861365502185766463e+00
2.970486113110368809e+00
3.004807542306959345e+00
2.983762840536543948e+00
2.966540320395522290e+00
2.963529220456968982e+00
2.953917372134554409e+00
2.953313146680630386e+00
2.821476269950714322e+00
2.737345680343738596e+00
2.717029301251006945e+00
2.683603450625765330e+00
2.686769529446181526e+00
2.686339752244800483e+00
2.709376626445340275e+00
2.780111935088124486e+00
2.839858798842902488e+00
3.013772416374589369e+00
3.092094392696337124e+00
2.990575935687072917e+00
3.032891212549339244e+00
2.952280652092422297e+00
2.958166312780200258e+00
2.972369066249342939e+00
3.038989258512841740e+00
3.014182841751445796e+00
3.068199591228589096e+00
3.067253936554135141e+00
3.066691241228139297e+00
3.073640301893999283e+00
3.073688060965067859e+00
3.071019286193345632e+00
4.944428065599130839e+00
4.982865037765297878e+00
4.994072274032691716e+00
5.011512533704167716e+00
5.016488173920321536e+00
5.017789762913983154e+00
5.033486998981548055e+00
5.035514740462705419e+00
5.034308381834422086e+00
5.036073551662676451e+00
5.029417366982121607e+00
5.030658305299542832e+00
5.021729495772826013e+00
5.027221174937985815e+00
5.015126070178827611e+00
4.990689811334809711e+00
4.963206709624773616e+00
4.955147185869781090e+00
4.981322885080693652e+00
5.008027902397309106e+00
4.965115606713282226e+00
4.879946529068619476e+00
4.879212582767292083e+00
4.859825380870636202e+00
4.854800643006091043e+00
4.860932607767565194e+00
4.913684992805423590e+00
4.918815173095978821e+00
4.926479031939325459e+00
4.895433825371649839e+00
5.011127819057486832e+00
5.028819844655040505e+00
5.041700785464180434e+00
5.044376378493082846e+00
5.041589861163245700e+00
5.042856474073951212e+00
5.038748632052013399e+00
5.039338269049142838e+00
5.040206257306705240e+00
5.038241298965697723e+00
2.035501698181785279e+00
2.070176175767614257e+00
2.050476204358718135e+00
2.125179502118980324e+00
2.163761104994272877e+00
2.185339832481949518e+00
2.122232707224176451e+00
2.099364123544413374e+00
2.102063674145646210e+00
2.078580047517557983e+00
2.012866165885039305e+00
2.011922040857668126e+00
1.983636722779251960e+00
1.941498581647926214e+00
1.934155850564508006e+00
1.920997375175452770e+00
2.083340800283508987e+00
2.102428401169253558e+00
2.106904818300844084e+00
2.130613299527690518e+00
2.125156237817767302e+00
2.147570800894401444e+00
2.113331029236899639e+00
2.115234636334062390e+00
2.096927220291866512e+00
2.090058720205293152e+00
2.074439312461276330e+00
2.122042015480403609e+00
2.090621483622546073e+00
2.123308162979897329e+00
2.175501178731483964e+00
2.181241920130952305e+00
2.240965969491833576e+00
2.236667741438481460e+00
2.159560731904031528e+00
2.138056148193596240e+00
2.022059780924049921e+00
1.968244965036396898e+00
2.028508928885797591e+00
1.990877243262624496e+00
4.006845030380864259e+00
4.006845695301595178e+00
4.006822133850675982e+00
4.006029374989963365e+00
4.005905614295729222e+00
4.005739649566591787e+00
4.005514388822390970e+00
4.004818666214078782e+00
4.003413524259149980e+00
3.999979350241154030e+00
4.000434811180886285e+00
3.998558619411433757e+00
3.978235900587926199e+00
3.951840983883943892e+00
3.943201092494542426e+00
3.921032585978435847e+00
3.923416788816899814e+00
3.875510059885267644e+00
3.858294912334379045e+00
3.810565798456865494e+00
3.672957851688460895e+00
3.769591987767171748e+00
3.724882314364699187e+00
3.769748261761705521e+00
3.817497998828516703e+00
3.907548794934962100e+00
3.958739070413818784e+00
3.966727833732263342e+00
3.985438606649549964e+00
4.010766879163435661e+00
4.023330614389013959e+00
3.988296580552113557e+00
3.993031252451456403e+00
3.968713695474412440e+00
3.873583566307666093e+00
3.751203678378006945e+00
3.596340240902049512e+00
3.625769261960007928e+00
3.494023784392137344e+00
3.331990481479050192e+00
1.861112519194968229e+00
1.917526227838661335e+00
1.970149111263243658e+00
1.866383299815882690e+00
1.819619551457605455e+00
1.856408474425391031e+00
1.864793210193335771e+00
1.927443524286784005e+00
2.028721040943329168e+00
1.970012519514555249e+00
2.027760379487174802e+00
1.993082521719171440e+00
1.981911558816356278e+00
2.015027326257652796e+00
1.981403370940785447e+00
2.012710726560891228e+00
2.163577250314728140e+00
2.184751300453859013e+00
2.125581317957973226e+00
2.162968413410461199e+00
2.093758288230103570e+00
2.055008743334059584e+00
2.112073532892623451e+00
2.088533882678927700e+00
2.066181140311063480e+00
1.975059973435744354e+00
1.960858493965377924e+00
1.955871758694856632e+00
1.944565881582312583e+00
2.025467718704499376e+00
2.041961629498572517e+00
2.120698367731384426e+00
2.067081142272275684e+00
2.215387136530332146e+00
2.333414308653902758e+00
2.705792356403213805e+00
2.765095024924331124e+00
2.858200244522629330e+00
2.859839009234024232e+00
2.884479066559202387e+00
3.980476052839248435e+00
3.972568643435257396e+00
3.964597288136573638e+00
3.964961894759870820e+00
3.964416001316660942e+00
3.982279658488520280e+00
3.988875533996611988e+00
3.990411295255025248e+00
3.996751363903123799e+00
3.996708920081428307e+00
3.988200736286412251e+00
3.990091602182932906e+00
3.991145560720615659e+00
3.978329337551711031e+00
3.976054299803480685e+00
3.941175522952072630e+00
3.951570540772893825e+00
3.973517397455290645e+00
3.973550027995421452e+00
3.970350166739490927e+00
3.976873944636888591e+00
3.986260791227893563e+00
3.983572277501425507e+00
3.989061306366422421e+00
3.992097373434562169e+00
3.989116441196869811e+00
3.985039686093629019e+00
3.972855268589815747e+00
3.985466128541113040e+00
3.990402691607215946e+00
3.977501673400664739e+00
3.975137171995299479e+00
3.978505119126407141e+00
3.985788473374543006e+00
3.991731645629373659e+00
3.992907872819210890e+00
3.997729413789782082e+00
3.994572073586583283e+00
3.994872200262712614e+00
4.002592676121391690e+00
4.978434862780152237e+00
4.965839364775280096e+00
4.959768956458831646e+00
4.930694370009611305e+00
4.925454401739643551e+00
4.935813528214338497e+00
4.887801781830119374e+00
4.850558023546089004e+00
4.840735081760628056e+00
4.881243043574688301e+00
4.869720464772239410e+00
4.835221767731694875e+00
4.842659687626075460e+00
4.889428429430870970e+00
4.857052016306689701e+00
4.900724263295470173e+00
4.919477393988857195e+00
4.961509909606182767e+00
4.972031095942022638e+00
4.975643353121385282e+00
4.951537954493418603e+00
4.971938060341781984e+00
4.976882690544857546e+00
4.921667073371600587e+00
4.937730595855548188e+00
4.883029496824749849e+00
4.824562212840313613e+00
4.446554660607039189e+00
3.992057432800818262e+00
3.063096140497797659e+00
2.775224881913605834e+00
2.386853838811723083e+00
2.239167121023185825e+00
2.260312281479179397e+00
2.297945805987573475e+00
2.335019216488575022e+00
2.836764206912868680e+00
3.574585457247079656e+00
4.114447349971452894e+00
4.375982807512965422e+00
1.285182454810662955e+00
1.285182454810662955e+00
1.285182454810662955e+00
1.285182454810662955e+00
1.285182454810662955e+00
1.285182454810662955e+00
1.285182454810662955e+00
1.285182454810662955e+00
1.285182454810662955e+00
1.285182454810662955e+00
1.285182454810662955e+00
1.285182454810662955e+00
1.285182454810662955e+00
1.285182454810662955e+00
1.285182454810662955e+00
1.285182454810662955e+00
1.285182454810662955e+00
1.285182454810662955e+00
1.285182454810662955e+00
1.285182454810662955e+00
1.285182454810662955e+00
1.285182454810662955e+00
1.285182454810662955e+00
1.285182454810662955e+00
1.285182454810662955e+00
1.285182454810662955e+00
1.285182454810662955e+00
1.285182454810662955e+00
1.285182454810662955e+00
1.285182454810662955e+00
1.285182454810662955e+00
1.285182454810662955e+00
1.285182454810662955e+00
1.285182454810662955e+00
1.285182454810662955e+00
1.285182454810662955e+00
1.285182454810662955e+00
1.285182454810662955e+00
1.285182454810662955e+00
1.285182454810662955e+00
4.007483116655241595e+00
4.007476535011549323e+00
4.007477493730605467e+00
4.007458080700732062e+00
4.007457728011366349e+00
4.006971567268281298e+00
4.006314788252740122e+00
4.006194991320951360e+00
4.006260261237816422e+00
4.005626388891017520e+00
4.004426046855811272e+00
4.006027847327789715e+00
4.006562709277644352e+00
4.006350401509144454e+00
4.006022959433415132e+00
4.005562873515133404e+00
4.005723938540127094e+00
4.006010051951975903e+00
4.005551658362706213e+00
4.002914749798790695e+00
4.000674594175158028e+00
3.999532569534844928e+00
3.995810716970283671e+00
3.995631892978802835e+00
3.991620473972554262e+00
3.983915576475084652e+00
3.992947636017258883e+00
3.996380172901504046e+00
3.995419723664306311e+00
3.991588616647722798e+00
3.990929250431330733e+00
3.998796677337352889e+00
4.004813357162791299e+00
4.000050819451542949e+00
4.002457216502756765e+00
4.003087076858615312e+00
4.003200982186819523e+00
4.001934988984002572e+00
4.004953064959910769e+00
4.006216890987816193e+00
5.375785876299661314e-01
6.755736288813384283e-01
1.005383902022562337e+00
1.056811081429473775e+00
1.158755886780318933e+00
1.164626158740966089e+00
1.318659088111627353e+00
1.304453440528788644e+00
1.304453440528788644e+00
1.304453440528788644e+00
1.311305692522213961e+00
1.313240328989749406e+00
1.358933336382270429e+00
1.431166820821241137e+00
1.396632955985989355e+00
1.396632955985989355e+00
1.371049540730309158e+00
1.069680057993767086e+00
1.014903669106552941e+00
1.014903669106552941e+00
1.014903669106552941e+00
1.014903669106552941e+00
1.014903669106552941e+00
1.014903669106552941e+00
1.014903669106552941e+00
1.014903669106552941e+00
1.014903669106552941e+00
9.528412396838613629e-01
9.672389608844711439e-01
1.014903669106552941e+00
1.075795614098478348e+00
1.156030538566051646e+00
1.156030538566051646e+00
1.156030538566051646e+00
1.156030538566051646e+00
1.156030538566051646e+00
1.156030538566051646e+00
1.156030538566051646e+00
1.289082828195980079e+00
1.586951102905334698e+00
7.861422560314980101e-01
1.002735687355687855e+00
7.618871820330502809e-01
7.618871820330502809e-01
7.618871820330502809e-01
7.618871820330502809e-01
7.618871820330502809e-01
7.618871820330502809e-01
9.469822955180092761e-01
1.083817109359291431e+00
1.083817109359291431e+00
1.083817109359291431e+00
1.083817109359291431e+00
1.083817109359291431e+00
1.083817109359291431e+00
1.083817109359291431e+00
1.083817109359291431e+00
1.083817109359291431e+00
1.083817109359291431e+00
1.083817109359291431e+00
1.088643397464866824e+00
1.215404212912040371e+00
1.215404212912040371e+00
1.215404212912040371e+00
1.215404212912040371e+00
1.215404212912040371e+00
1.215404212912040371e+00
1.215404212912040371e+00
1.215404212912040371e+00
1.215404212912040371e+00
1.209825155165893840e+00
1.083817109359291431e+00
1.083817109359291431e+00
1.083817109359291431e+00
1.083817109359291431e+00
1.083817109359291431e+00
1.083817109359291431e+00
1.083817109359291431e+00
1.083817109359291431e+00
1.130862025739613808e+00
