4.927584098081429609e+00
4.945707518594352869e+00
4.947876678522528771e+00
4.944735502762268808e+00
4.929623722977528821e+00
4.941070146095400517e+00
4.929652816423697459e+00
4.941971833962893079e+00
4.949037568732606474e+00
4.946204189018176933e+00
4.942340231300609510e+00
4.943531789316164549e+00
4.919868669048865328e+00
4.919256063363508069e+00
4.911724860314516938e+00
4.877799409714094203e+00
4.867600334663326755e+00
4.873577897505202650e+00
4.846290932933105644e+00
4.842343654823059396e+00
4.847639274979140822e+00
4.872982065297024157e+00
4.900643116348302186e+00
4.888279129810629620e+00
4.892495700311709328e+00
4.868005776433463438e+00
4.892094346987387432e+00
4.897694145140794930e+00
4.874371138149371951e+00
4.901619778081840906e+00
4.895870432018197604e+00
4.885729359897355017e+00
4.856718222752761882e+00
4.866362285203381433e+00
4.899747277539644230e+00
4.912213773974377418e+00
4.899400447582823226e+00
4.886769334779670793e+00
4.872323144673885942e+00
4.886968080173549112e+00
4.003558053378887038e+00
4.003914542823942213e+00
4.004516902659748467e+00
4.004645416025832461e+00
4.005475989889140109e+00
4.005727517667559745e+00
4.005344757784396137e+00
4.005374168742167562e+00
4.005607375640277468e+00
4.004807785183501778e+00
4.003355501990816911e+00
3.993750775150707977e+00
3.979496622961451457e+00
3.977665028240828793e+00
3.967044880778562987e+00
3.987258427357458945e+00
3.992980140839201386e+00
3.993350993734546162e+00
3.992174279151112781e+00
4.000002956006525778e+00
4.001430736384978815e+00
4.002788482468029763e+00
4.002582171750034945e+00
4.002251037283943269e+00
4.003284434314037021e+00
4.003412972248712620e+00
4.004392178680131309e+00
4.005876958413832511e+00
4.006272017576201883e+00
4.006300489495461470e+00
4.006017635646941244e+00
4.005476824006507286e+00
4.004619788667731939e+00
4.003945036757516895e+00
4.000818594325294519e+00
3.993441427064061244e+00
3.955448516591552277e+00
3.775564870950317786e+00
3.326988761893578950e+00
2.720971012701382197e+00
3.094436994527540286e+00
2.918647590575240702e+00
2.839919894408964307e+00
2.816883862055214571e+00
2.847919673922459260e+00
2.847919673922459260e+00
2.919619329930196017e+00
2.989049350344418876e+00
2.937029031775290733e+00
2.964004527325489580e+00
2.899447686375026922e+00
2.896224868172998956e+00
2.928788453435499317e+00
2.920026795547431053e+00
2.877948638329834274e+00
2.899235263779300631e+00
2.860578153598292150e+00
2.891463079963529026e+00
2.951642977785847499e+00
2.960190771842523549e+00
2.983295739615661191e+00
2.909884540124404673e+00
2.947321002000102386e+00
2.905584787878805919e+00
2.857804235027994633e+00
2.836502323788896440e+00
2.867359187219263195e+00
2.928073321400854745e+00
2.918608534088038109e+00
2.916574335724506195e+00
2.945703156171443293e+00
3.048614118220934976e+00
3.019491045025261222e+00
3.018472854385267468e+00
3.018514748622974420e+00
3.050902621597067821e+00
2.978093805006632788e+00
2.883963351841127398e+00
2.829556291406648327e+00
2.683998709105424929e+00
2.032865239619526143e+00
2.001111152329046572e+00
2.003369377146074992e+00
1.999520119352283132e+00
1.989439618254191799e+00
1.985519455418342183e+00
1.974798427733480466e+00
1.978752841185428490e+00
1.988208623927839813e+00
1.992855889904147748e+00
1.980509755878645528e+00
1.977625253642909087e+00
1.977960167254939172e+00
1.982805998690345017e+00
1.980898526038318952e+00
1.978770569007208380e+00
1.972899342912858511e+00
1.955977454214606670e+00
1.941745110982349143e+00
1.937748180720734847e+00
1.935730678112955072e+00
1.940953283302615962e+00
1.944082748333993305e+00
1.939789448419769524e+00
1.954880754465447623e+00
1.973266479343262603e+00
1.996033413252440880e+00
2.001841731036416938e+00
2.004050513476105966e+00
2.022377817114317189e+00
2.074722243911261810e+00
2.100621813120663983e+00
2.142534779834293079e+00
2.164061487675541073e+00
2.219724067809278001e+00
2.175386553647770338e+00
2.014351623055606666e+00
1.914862513202146843e+00
1.882337559515111280e+00
1.821857809017934038e+00
1.562907962238519799e+00
1.236465076777036431e+00
1.115081393679008936e+00
1.058891257555462539e+00
9.675807434720073985e-01
9.675807434720073985e-01
9.675807434720073985e-01
9.675807434720073985e-01
9.675807434720073985e-01
1.005134437834520611e+00
1.094173455270094131e+00
1.094173455270094131e+00
1.094173455270094131e+00
1.094173455270094131e+00
9.925637662433349773e-01
8.828400822386900382e-01
9.004298385658856541e-01
9.456749861267187418e-01
9.456749861267187418e-01
9.456749861267187418e-01
9.456749861267187418e-01
9.456749861267187418e-01
9.460922896110155467e-01
9.459666798532908594e-01
9.477963495071201061e-01
9.470233675421395603e-01
9.456749861267187418e-01
9.457165338946451616e-01
9.456749861267187418e-01
9.460085108244449259e-01
9.477963495071201061e-01
9.477963495071201061e-01
9.477963495071201061e-01
9.477963495071201061e-01
1.047930927591492312e+00
1.056676104101864189e+00
1.064403306741989574e+00
1.184831471431478267e+00
1.173010704371117541e+00
1.036171145423083306e+00
