1.110339715539821803e+00
1.110339715539821803e+00
1.110339715539821803e+00
1.110339715539821803e+00
1.110339715539821803e+00
1.110339715539821803e+00
1.110339715539821803e+00
1.110339715539821803e+00
1.110339715539821803e+00
1.110339715539821803e+00
1.110339715539821803e+00
1.110339715539821803e+00
1.110339715539821803e+00
1.110339715539821803e+00
1.110339715539821803e+00
1.110339715539821803e+00
1.110339715539821803e+00
1.110339715539821803e+00
1.110339715539821803e+00
1.110339715539821803e+00
1.110339715539821803e+00
1.110339715539821803e+00
1.110339715539821803e+00
1.110339715539821803e+00
1.110339715539821803e+00
1.110339715539821803e+00
1.110339715539821803e+00
1.110339715539821803e+00
1.110339715539821803e+00
1.110339715539821803e+00
1.110339715539821803e+00
1.110339715539821803e+00
1.110339715539821803e+00
1.110339715539821803e+00
1.110339715539821803e+00
1.110339715539821803e+00
1.110339715539821803e+00
1.110339715539821803e+00
1.110339715539821803e+00
1.110339715539821803e+00
2.087490836895383506e+00
2.096852342711722716e+00
2.120966895614415204e+00
2.128293197876630405e+00
2.151176873476210005e+00
2.092045600583240628e+00
2.092763855935363182e+00
2.100040074617601782e+00
2.094973191821878356e+00
2.085709548536862190e+00
2.085089880236727033e+00
2.084908869791240349e+00
2.084866976545229456e+00
2.084858427513411439e+00
2.084853771102899156e+00
2.084846907385465631e+00
2.084834961894765915e+00
2.084672006764113128e+00
2.084636085478311252e+00
2.084768618183334254e+00
2.084623879210308672e+00
2.084620322443374807e+00
2.084726744412767285e+00
2.084638846963243974e+00
2.084542691538620929e+00
2.085325659483554084e+00
2.085828021898189721e+00
2.085393335379179813e+00
2.083997249843580146e+00
2.086126271405122523e+00
2.084634916136384408e+00
2.084246531063069785e+00
2.084475662871553503e+00
2.084755384165832393e+00
2.084850374779399385e+00
2.084878425122311363e+00
2.084851490624478387e+00
2.084845393175694728e+00
2.084861457383530237e+00
2.084838049911610369e+00
3.938769479951237606e+00
3.938770573288854493e+00
3.938772651765319655e+00
3.938770274373363467e+00
3.938767389997104740e+00
3.938766808136462405e+00
3.938763294334502785e+00
3.938761905582848666e+00
3.938754744300323907e+00
3.938752805294818859e+00
3.938759068809764230e+00
3.938744034654860560e+00
3.938679632743361303e+00
3.938656945755226513e+00
3.938633495190040357e+00
3.938152558732847197e+00
3.937765361339477632e+00
3.936744529952548088e+00
3.931512625622203050e+00
3.935813760977938447e+00
3.930617642217684615e+00
3.936216641040415798e+00
3.936224283233964893e+00
3.934809441666997198e+00
3.932012067411167600e+00
3.934857635061757009e+00
3.937531277241582028e+00
3.935733974717575911e+00
3.935158115759291864e+00
3.931398822945475491e+00
3.931566476579131830e+00
3.937188164984029015e+00
3.937929736886975896e+00
3.938120204939172808e+00
3.938071636781686369e+00
3.937976489002996239e+00
3.938082674632558344e+00
3.938261828302897616e+00
3.938267711676322058e+00
3.938270845891241212e+00
4.907381513480390645e+00
4.907380434491595445e+00
4.907380794875476404e+00
4.907326711720907397e+00
4.907095829841203738e+00
4.907102869519365029e+00
4.907202531962276737e+00
4.907206390765869841e+00
4.907197463115587688e+00
4.907189568030862148e+00
4.907266311691439675e+00
4.907248513944782786e+00
4.907182296354083206e+00
4.907026653175907249e+00
4.907160778129357581e+00
4.907160501680825071e+00
4.907060153225034860e+00
4.906091279961354523e+00
4.905425153437818153e+00
4.906059173795074280e+00
4.905686428713922353e+00
4.906044143663654822e+00
4.906645547991256961e+00
4.906973855817968300e+00
4.907161257987784353e+00
4.907235855409897596e+00
4.907313889972818366e+00
4.907349091942619701e+00
4.907378654612871038e+00
4.907374866593818830e+00
4.907377435081747841e+00
4.907372429007086367e+00
4.907334261509913809e+00
4.907213512619297724e+00
4.906904290335361907e+00
4.906718540893607816e+00
4.902574729015548805e+00
4.903586810129701767e+00
4.900266953563957806e+00
4.884783294047577051e+00
1.113974296287163046e+00
1.113974296287163046e+00
1.113974296287163046e+00
1.113974296287163046e+00
1.113974296287163046e+00
1.113974296287163046e+00
1.113974296287163046e+00
1.113974296287163046e+00
1.113974296287163046e+00
1.113974296287163046e+00
1.113974296287163046e+00
9.953413387889326058e-01
8.399516461136632417e-01
8.399516461136632417e-01
8.641886798804475633e-01
8.106905951907641406e-01
8.106905951907641406e-01
8.106905951907641406e-01
8.106905951907641406e-01
8.106905951907641406e-01
8.106905951907641406e-01
8.353033062208805593e-01
1.020510372585577530e+00
1.190404049101853712e+00
1.125083061804620144e+00
1.110339715539821803e+00
1.110339715539821803e+00
1.096134674562806444e+00
1.113974296287163046e+00
1.113974296287163046e+00
1.113974296287163046e+00
1.113974296287163046e+00
1.113974296287163046e+00
1.113974296287163046e+00
1.113974296287163046e+00
1.113974296287163046e+00
1.113974296287163046e+00
1.113974296287163046e+00
1.113974296287163046e+00
1.113974296287163046e+00
2.916596387279468239e+00
2.916596387279468239e+00
2.850715970088574469e+00
2.847045392148247256e+00
2.879889922882326037e+00
2.840568477222912058e+00
2.818078468645421442e+00
2.817218670761952648e+00
2.817218670761952648e+00
2.739153823256599285e+00
2.869869345952341000e+00
2.693713317686812658e+00
2.798231520938340822e+00
2.817218670761952648e+00
2.882829122810537381e+00
2.829729841971963200e+00
2.828233571014684866e+00
2.817218670761952648e+00
2.817218670761952648e+00
2.817218670761952648e+00
2.785294546668707127e+00
2.817218670761952648e+00
2.787850462918948224e+00
2.683246083839468277e+00
2.571007810282697204e+00
2.663769695176036567e+00
2.771153336988170235e+00
2.771153336988170235e+00
2.791006534262995054e+00
2.813921348587451465e+00
2.777635062733487370e+00
2.813921348587451465e+00
2.813921348587451465e+00
2.813921348587451465e+00
2.862189809075590841e+00
2.905450311471355018e+00
2.821267232178614748e+00
2.878735725103097831e+00
2.813921348587451465e+00
2.801330988008728706e+00
2.782706547914981954e+00
2.782706547914981954e+00
2.807250594605522398e+00
2.817218670761952648e+00
2.947678476101999845e+00
2.896948145342614467e+00
2.927723597323805826e+00
2.916596387279468239e+00
2.887771493414315493e+00
2.924325852672663650e+00
2.929835006970258338e+00
2.952336402651889458e+00
2.970063133381857678e+00
2.955053706945214742e+00
2.976567761893837538e+00
2.976567761893837538e+00
2.974973222793797945e+00
2.971721227253932618e+00
2.948364974917295100e+00
2.955053706945214742e+00
2.976567761893837538e+00
2.980464849512409753e+00
2.983092936537735884e+00
3.038840266563568093e+00
2.998661232691079537e+00
3.012451049788660296e+00
3.049724190133605184e+00
3.038840266563568093e+00
3.018361977262414175e+00
3.006836179816130716e+00
3.038840266563568093e+00
2.987038171388399554e+00
3.023415253723615859e+00
3.005759863226198370e+00
3.027833262826324923e+00
3.019221372571278650e+00
2.927072393619416957e+00
2.929835514581689448e+00
2.901051047925831128e+00
2.908574810420730294e+00
2.113870877864564957e+00
2.120164913108335547e+00
2.116051875993018250e+00
2.102164738471346439e+00
2.097234339349414611e+00
2.089354242499974035e+00
2.092161540516772611e+00
2.095197395090539594e+00
2.096140932293218739e+00
2.093899531894675370e+00
2.091349525989089297e+00
2.090503731160370915e+00
2.096267082690669969e+00
2.098046498363470569e+00
2.104132212355543707e+00
2.115852481503845528e+00
2.127037744843638833e+00
2.104676634898285492e+00
2.121524693120280691e+00
2.124609538424361954e+00
2.171768213065222941e+00
2.163454424338603577e+00
2.160978853678672706e+00
2.174820821993400877e+00
2.202870711524458347e+00
2.138059096779164392e+00
2.134020542652507846e+00
2.119077837309673917e+00
2.115318953809204761e+00
2.124721040230787672e+00
2.097270017965157773e+00
2.095184900644798898e+00
2.090351238441888526e+00
2.090487298847685693e+00
2.090412994690538540e+00
2.102678002971532401e+00
2.098354407556618728e+00
2.099022054022626094e+00
2.098613395651142355e+00
2.096142582054385528e+00
4.876110772652195280e+00
4.874215582645733846e+00
4.863052819526121340e+00
4.873977995051304468e+00
4.885937322267880134e+00
4.882006058297028162e+00
4.873641734329669184e+00
4.877366140822832818e+00
4.877215156200920276e+00
4.864746837596498175e+00
4.859240783759505966e+00
4.851904567818614566e+00
4.848678778292803138e+00
4.820923016951621065e+00
4.737483351781949459e+00
4.758027326658287315e+00
4.730053603835220777e+00
4.737747300924761262e+00
4.675894753400036130e+00
4.591349279590968280e+00
4.556095665048645493e+00
4.679048497218151859e+00
4.769808944288530306e+00
4.794097956285419571e+00
4.805249013965858573e+00
4.832843260395730312e+00
4.814188388319261769e+00
4.823687038406910155e+00
4.830224403489052243e+00
4.830806452574068821e+00
4.840095940578462930e+00
4.831207455127247918e+00
4.836626899186700967e+00
4.841226558901505328e+00
4.804284702449686861e+00
4.775218374771440288e+00
4.821384572770619492e+00
4.836751411240965304e+00
4.828827376597309318e+00
4.828705097139979863e+00
4.858676697549196177e+00
4.867126861485986389e+00
4.863656183796058130e+00
4.868925974616303165e+00
4.879477637552853686e+00
4.879136699325574256e+00
4.878551207122644229e+00
4.886283113927125221e+00
4.892901550151258938e+00
4.895545969417813836e+00
4.897031827513643520e+00
4.895897595700922089e+00
4.899302444030711357e+00
4.898117640982425414e+00
4.893032097128895863e+00
4.898835352402714172e+00
4.898983439433348686e+00
4.898562757064216733e+00
4.895181991823800871e+00
4.899206083425115210e+00
4.898511474723020953e+00
4.899891435537202078e+00
4.895380706541221372e+00
4.893357965664928422e+00
4.895034307920623107e+00
4.883232183235540980e+00
4.886570287046080097e+00
4.887205423570892826e+00
4.886302008577895428e+00
4.871518820847206221e+00
4.855753077470669865e+00
4.840805925401197918e+00
4.845299985755245231e+00
4.866374197359982112e+00
4.866228576704719977e+00
4.873288978283143891e+00
4.885867472865244920e+00
4.889489016461493698e+00
4.896222592106695970e+00
4.894775772175433914e+00
3.071873899102452565e+00
3.071873899102452565e+00
3.071873899102452565e+00
3.049155092207702200e+00
3.095968446399465002e+00
3.086369289324933707e+00
3.003406461249017667e+00
2.990280327404137850e+00
2.965198267583794678e+00
2.957231760844796220e+00
2.920117265364392978e+00
3.039858140574493994e+00
3.069119982846349348e+00
3.068048589183141495e+00
3.003190784573996464e+00
3.013732861135666852e+00
2.989572886753565140e+00
3.034454956594601516e+00
3.065951851871528078e+00
3.091260752019055147e+00
3.070435595620381264e+00
3.067252226062143095e+00
3.065951851871528078e+00
3.091762703558091907e+00
3.144005273167476577e+00
3.093957638268027832e+00
3.103167323714908665e+00
3.166666329750764675e+00
3.142479105384381910e+00
3.073441698397201272e+00
3.075840174920199566e+00
3.095522534133282822e+00
3.075245951467602712e+00
3.060537562703440351e+00
3.052000727792715917e+00
3.073441698397201272e+00
3.073441698397201272e+00
3.073441698397201272e+00
3.056035113362626010e+00
3.018411000532795097e+00
2.084029997862452799e+00
2.084108381869489435e+00
2.084212572512412986e+00
2.084315995948266664e+00
2.084239886694876365e+00
2.084430476728082127e+00
2.084332905115314993e+00
2.084095831317956726e+00
2.083670112466459834e+00
2.083782707703695003e+00
2.083383515602030833e+00
2.083359203494343337e+00
2.082776121255953239e+00
2.082502169209745180e+00
2.081450238051866020e+00
2.080475401712780670e+00
2.080557409849559836e+00
2.080256767943545970e+00
2.080825879156125158e+00
2.080777808486556690e+00
2.081373642082860353e+00
2.080810393832430716e+00
2.079667389730563531e+00
2.078973648829910204e+00
2.080697826125894156e+00
2.081903624733836722e+00
2.098577788430240787e+00
2.115826607475942200e+00
2.124513510862743981e+00
2.180461218160734571e+00
2.210135515262320549e+00
2.177708383962039917e+00
2.184200717015650994e+00
2.187661727724791394e+00
2.225227490873998626e+00
2.159038224245200421e+00
2.091270434921294274e+00
2.092361978703606962e+00
2.090652851715722349e+00
2.086969459425334072e+00
3.938635645984708056e+00
3.938623014400865152e+00
3.938584288709026993e+00
3.938444912103491014e+00
3.938274372626245690e+00
3.938258511472621404e+00
3.938257830058153441e+00
3.938420984283657500e+00
3.938379705213718829e+00
3.938336617591715605e+00
3.938407750675726682e+00
3.938462858056857474e+00
3.938495268064670096e+00
3.938466229810364538e+00
3.938400529822702278e+00
3.938283841251057904e+00
3.937611042475305467e+00
3.936750534592202033e+00
3.935717913222227082e+00
3.936021360256561685e+00
3.931582508718912017e+00
3.930432099319594030e+00
3.917735964391935166e+00
3.927947230633586528e+00
3.928872823333691588e+00
3.931163271972251128e+00
3.933307867737767527e+00
3.933345389773393652e+00
3.933275641816794010e+00
3.930810361730831204e+00
3.932559453075985090e+00
3.934903152046848707e+00
3.936215304637944445e+00
3.936258806147629574e+00
3.935907584086816957e+00
3.935270872783426022e+00
3.935702035915336960e+00
3.936026752812005203e+00
3.936141992107436760e+00
3.935866346093437773e+00
3.674782459304906990e+00
3.706665410983171594e+00
3.662452869914197162e+00
3.675294888996428977e+00
3.747171546250653851e+00
3.800012036945066729e+00
3.828488247600589034e+00
3.859925769554054309e+00
3.874387199277215643e+00
3.873230592326232902e+00
3.880828847505610746e+00
3.892220080838292962e+00
3.909892931720663434e+00
3.922871169458939100e+00
3.930149758138323346e+00
3.932493929505715080e+00
3.933716969641201544e+00
3.935131529113860882e+00
3.936282109652128547e+00
3.936573412929530225e+00
3.937078396311617823e+00
3.937069802556335318e+00
3.937290241991790118e+00
3.936897720214945995e+00
3.936379733363018829e+00
3.935827937496549467e+00
3.935707995167797346e+00
3.935364008761835120e+00
3.935943898543821096e+00
3.935966713595017374e+00
3.935972148210503008e+00
3.936329950950103740e+00
3.935868066098891838e+00
3.935464502011091881e+00
3.936197512875373672e+00
3.936598584173601978e+00
3.936672099144459036e+00
3.936448472143425192e+00
3.936127774298642024e+00
3.936804023821666387e+00
6.985480472583361911e-01
6.985480472583361911e-01
6.985480472583361911e-01
6.985480472583361911e-01
9.116486097929614729e-01
1.113974296287163046e+00
1.113974296287163046e+00
8.699564279225772134e-01
6.985480472583361911e-01
6.985480472583361911e-01
6.985480472583361911e-01
6.985480472583361911e-01
6.985480472583361911e-01
6.985480472583361911e-01
6.985480472583361911e-01
6.985480472583361911e-01
7.661669173790199849e-01
1.113974296287163046e+00
1.113974296287163046e+00
1.113974296287163046e+00
1.113974296287163046e+00
1.113974296287163046e+00
1.113974296287163046e+00
1.113974296287163046e+00
1.113974296287163046e+00
1.113974296287163046e+00
1.113974296287163046e+00
1.113974296287163046e+00
1.113974296287163046e+00
1.113974296287163046e+00
1.113974296287163046e+00
1.113974296287163046e+00
1.113974296287163046e+00
1.113974296287163046e+00
1.113974296287163046e+00
1.113974296287163046e+00
1.113974296287163046e+00
9.542419262548909042e-01
9.221539143577548447e-01
1.198412320566194511e+00
