1.309961018724799420e+00
1.309961018724799420e+00
1.309961018724799420e+00
1.309961018724799420e+00
1.309961018724799420e+00
1.309961018724799420e+00
1.309961018724799420e+00
1.309961018724799420e+00
1.309961018724799420e+00
1.309961018724799420e+00
1.309961018724799420e+00
1.309961018724799420e+00
1.309961018724799420e+00
1.309961018724799420e+00
1.309961018724799420e+00
1.309961018724799420e+00
1.309961018724799420e+00
1.309961018724799420e+00
1.309961018724799420e+00
1.309961018724799420e+00
1.309961018724799420e+00
1.309961018724799420e+00
1.309961018724799420e+00
1.309961018724799420e+00
1.309961018724799420e+00
1.309961018724799420e+00
1.309961018724799420e+00
1.309961018724799420e+00
1.309961018724799420e+00
1.309961018724799420e+00
1.309961018724799420e+00
1.309961018724799420e+00
1.309961018724799420e+00
1.309961018724799420e+00
1.309961018724799420e+00
1.309961018724799420e+00
1.309961018724799420e+00
1.309961018724799420e+00
1.309961018724799420e+00
1.309961018724799420e+00
2.849321068527802758e+00
2.855015370112949924e+00
2.871896946708401455e+00
2.882072493286674586e+00
2.893416488369349615e+00
2.852355682614235555e+00
2.854096426986452606e+00
2.860598226372927044e+00
2.858448462977946747e+00
2.849060702933406741e+00
2.848389392772525675e+00
2.848210641012040689e+00
2.848180070563138599e+00
2.848169120266500265e+00
2.848160199056418485e+00
2.848152880263345565e+00
2.848140779920168342e+00
2.848015101698405438e+00
2.848017692013768976e+00
2.848008239149371512e+00
2.847879890352133181e+00
2.847751644539753713e+00
2.847681753562420148e+00
2.847660131191998900e+00
2.847520101818290073e+00
2.847470453700228443e+00
2.847267720195947760e+00
2.846836039812234098e+00
2.846538221383474010e+00
2.847171280247914993e+00
2.847344528636750027e+00
2.847487632561962911e+00
2.847709944918606517e+00
2.847841238342047276e+00
2.847984819700849712e+00
2.848062976749099029e+00
2.848084315725559978e+00
2.848115831414555821e+00
2.848141062239784915e+00
2.848128012486716543e+00
3.816033317868622099e+00
3.816088191610909952e+00
3.816134102402720885e+00
3.816165959688716747e+00
3.816126271010482185e+00
3.816123692908988119e+00
3.816099977768296014e+00
3.816063157161884156e+00
3.816049071249224767e+00
3.816000958306700497e+00
3.816007260747984020e+00
3.815973912038756133e+00
3.815794459505212011e+00
3.815595935277682038e+00
3.815559614055833215e+00
3.815410966720508057e+00
3.815273518740979419e+00
3.815157229249636295e+00
3.815070348862987792e+00
3.815189623938755936e+00
3.814899344389051983e+00
3.814985697204286375e+00
3.815246192935474845e+00
3.815333404801058315e+00
3.815196590984252012e+00
3.815151877242445089e+00
3.815240501834197495e+00
3.815128319437478766e+00
3.814940499218850256e+00
3.814722602178860278e+00
3.814716802962665909e+00
3.815098084497628328e+00
3.815129401348140270e+00
3.815072069778676855e+00
3.815116473442905942e+00
3.815182063136434820e+00
3.815170812732809225e+00
3.815073680135711243e+00
3.814904382727172916e+00
3.814941651200633999e+00
4.123526602119039097e+00
4.123527084315355751e+00
4.123526397198799209e+00
4.123524201394861421e+00
4.123508146278864750e+00
4.123508326913595923e+00
4.123515907176546591e+00
4.123522418625422681e+00
4.123520178049925100e+00
4.123521066192807893e+00
4.123522976871181633e+00
4.123522373304493449e+00
4.123521966688894480e+00
4.123520018768871864e+00
4.123519560087523850e+00
4.123510232982511958e+00
4.123487901642888254e+00
4.122473872414269991e+00
4.122190227086283798e+00
4.122750872221874197e+00
4.122643807963920715e+00
4.122609970825594772e+00
4.123189329182402219e+00
4.123403152020374662e+00
4.123442779880026166e+00
4.123445759346775041e+00
4.123488501640142800e+00
4.123479865870200989e+00
4.123501168842891751e+00
4.123500367275608980e+00
4.123497456976319420e+00
4.123484738668580007e+00
4.123417836791770874e+00
4.123042220963873739e+00
4.122756261566198788e+00
4.122479297679591426e+00
4.106651966823677391e+00
4.114943165614743492e+00
4.108755805403187189e+00
4.067091064441263448e+00
1.273408812167998283e+00
1.273408812167998283e+00
1.273408812167998283e+00
1.273408812167998283e+00
1.273408812167998283e+00
1.273408812167998283e+00
1.273408812167998283e+00
1.273408812167998283e+00
1.273408812167998283e+00
1.273408812167998283e+00
1.273408812167998283e+00
1.184401030610726657e+00
1.064796668429077720e+00
1.064796668429077720e+00
1.021436027291655169e+00
9.771118482173635211e-01
9.771118482173635211e-01
9.771118482173635211e-01
9.771118482173635211e-01
9.771118482173635211e-01
9.771118482173635211e-01
1.053285866232392509e+00
1.158481067668560627e+00
1.266508279718781660e+00
1.315077284870481922e+00
1.309961018724799420e+00
1.309961018724799420e+00
1.290976960181095645e+00
1.273408812167998283e+00
1.273408812167998283e+00
1.273408812167998283e+00
1.273408812167998283e+00
1.273408812167998283e+00
1.273408812167998283e+00
1.273408812167998283e+00
1.273408812167998283e+00
1.273408812167998283e+00
1.273408812167998283e+00
1.273408812167998283e+00
1.273408812167998283e+00
2.908743857824775070e+00
2.908743857824775070e+00
2.838878780572781757e+00
2.808830838065946800e+00
2.818490857155184770e+00
2.812227088655801843e+00
2.804206623798233267e+00
2.806220072379492336e+00
2.806220072379492336e+00
2.735427615472624474e+00
2.821817675040182216e+00
2.695274462525318881e+00
2.796124618102920678e+00
2.806220072379492336e+00
2.871867787531716232e+00
2.812234286277509376e+00
2.811540605442913510e+00
2.806220072379492336e+00
2.806220072379492336e+00
2.806220072379492336e+00
2.776473208196427844e+00
2.806220072379492336e+00
2.778810755530980003e+00
2.683532458843165713e+00
2.599256437661099817e+00
2.630875903888251877e+00
2.705947858641866599e+00
2.705947858641866599e+00
2.714144103933010754e+00
2.722441379102621184e+00
2.708736268918671364e+00
2.722441379102621184e+00
2.722441379102621184e+00
2.722441379102621184e+00
2.772465822150160797e+00
2.821176339306477932e+00
2.729809253792991441e+00
2.790600264204659453e+00
2.722441379102621184e+00
2.718904353146630370e+00
2.787008463054288843e+00
2.787008463054288843e+00
2.801067961056933342e+00
2.806220072379492336e+00
2.881600594900763923e+00
2.867586141608385653e+00
2.912285570733261775e+00
2.908743857824775070e+00
2.895920322460241447e+00
2.909283439147364092e+00
2.911434331194783454e+00
2.920097590228288631e+00
2.980295213485979922e+00
2.953452148566465318e+00
2.992484734622940401e+00
2.992484734622940401e+00
2.989462957447084790e+00
2.983368357599214704e+00
2.942008235529015359e+00
2.953452148566465318e+00
2.992484734622940401e+00
2.999966003373901735e+00
2.985164281334906633e+00
3.014154135564201198e+00
2.946005681782370544e+00
2.968024550493491454e+00
3.035070776756152000e+00
3.014154135564201198e+00
3.006696538039949296e+00
3.002533459557216844e+00
3.014154135564201198e+00
2.969768090634625324e+00
3.008530314653063975e+00
3.002146180539297049e+00
3.004017313698395419e+00
2.980778659999875124e+00
2.895727668074398409e+00
2.911376570192514279e+00
2.899956146220939335e+00
2.879209290905662133e+00
2.848662286196200100e+00
2.848625914327946429e+00
2.849364796820245793e+00
2.848525946127670849e+00
2.848193653250042701e+00
2.847924523402607377e+00
2.847925338724150990e+00
2.847975935668550562e+00
2.848099857327913043e+00
2.847937219523621444e+00
2.847934453212687345e+00
2.848043737091214833e+00
2.848110664758491062e+00
2.848242219070038495e+00
2.848704176958948064e+00
2.849796891553366684e+00
2.854362604758759581e+00
2.851724222087579808e+00
2.853781404428772372e+00
2.855165036421932534e+00
2.863269719961167858e+00
2.859545965139258072e+00
2.860414316832216919e+00
2.866813513539591352e+00
2.866411786662640626e+00
2.855493059723946736e+00
2.850656269362382922e+00
2.850691132837931185e+00
2.851795978427751344e+00
2.852126434648952547e+00
2.848478195441637162e+00
2.848531914962217915e+00
2.848204523593480531e+00
2.848138447541032292e+00
2.848150263689861461e+00
2.848276062316333679e+00
2.848226976538672517e+00
2.848238985355442843e+00
2.848235168332498013e+00
2.848195184197606977e+00
4.109685939676900546e+00
4.101402472052169124e+00
4.087511233309015779e+00
4.099850074914975551e+00
4.110299499163839521e+00
4.105275766606789389e+00
4.093286939120886814e+00
4.097963768520751948e+00
4.106457045676767059e+00
4.094706994820048074e+00
4.091453673608602237e+00
4.087066261618673479e+00
4.085519216601373849e+00
4.069550786523139507e+00
4.038836013374870859e+00
4.048041712898234223e+00
4.021261086832640608e+00
4.028683299806449902e+00
3.953209871291238464e+00
3.916199205285588292e+00
3.914511717782746203e+00
4.005258672816901289e+00
4.066079599363806807e+00
4.072485086059676185e+00
4.081097686795452262e+00
4.099336015923062959e+00
4.100653382464263252e+00
4.100473975235900959e+00
4.103689733027574782e+00
4.102433196959268891e+00
4.104618515518866140e+00
4.101584562935856049e+00
4.097851611491169166e+00
4.097656919861522695e+00
4.067982126654221986e+00
4.018020434161047483e+00
4.053160882319675196e+00
4.063015161985994439e+00
4.034975622596755684e+00
4.032951727146595999e+00
4.091235893300966708e+00
4.094401293966475563e+00
4.099412190696390290e+00
4.104611951771839351e+00
4.111728006919672218e+00
4.108130129161780886e+00
4.105127891433182796e+00
4.112123285529279748e+00
4.117317953483353499e+00
4.118802323578011126e+00
4.118512920645483355e+00
4.119263903991383202e+00
4.120925753966367289e+00
4.120454377223862430e+00
4.117295326372813591e+00
4.119849868885673061e+00
4.119249498462234094e+00
4.118225495091246913e+00
4.114552143194738498e+00
4.118186151841670473e+00
4.118546452548479841e+00
4.120533298899077046e+00
4.118231399273514448e+00
4.115851700998901741e+00
4.118313555974728146e+00
4.115229126807618876e+00
4.116877992636104544e+00
4.115641922405012920e+00
4.114665302761597587e+00
4.111000078328648222e+00
4.096385021136491389e+00
4.078316055148186514e+00
4.084715631667952707e+00
4.097667831197214561e+00
4.094419767511779717e+00
4.098404710045604915e+00
4.111955474341668193e+00
4.116855190540822385e+00
4.119872273218150305e+00
4.119377023168584451e+00
3.133697079599834900e+00
3.133697079599834900e+00
3.133697079599834900e+00
3.082548993835134254e+00
3.067189087715483709e+00
3.085255074860373981e+00
3.018735980766186877e+00
3.008011499491867191e+00
2.986628848136972714e+00
2.985772745351550128e+00
2.992856679305796241e+00
3.082698866502441959e+00
3.122453462072147801e+00
3.135197903971971733e+00
3.103919393671842109e+00
3.110373502251370326e+00
3.096082278884131789e+00
3.089558181500289713e+00
3.124469727403698549e+00
3.173278091091126463e+00
3.132607841647744529e+00
3.126810291280362364e+00
3.124469727403698549e+00
3.174326276276818959e+00
3.232302471615144057e+00
3.208507277838168470e+00
3.208426482917177580e+00
3.243342266031655541e+00
3.222989524868582478e+00
3.175647105885868626e+00
3.179987329478429992e+00
3.218211182800339465e+00
3.178906294784463071e+00
3.153279419164303654e+00
3.139294904085902616e+00
3.175647105885868626e+00
3.175647105885868626e+00
3.175647105885868626e+00
3.167349720565792559e+00
3.151914833669504645e+00
2.846995325885301575e+00
2.846921424864688355e+00
2.847071812197824681e+00
2.847303704649947864e+00
2.847370344255311547e+00
2.847543055551364333e+00
2.847522344952414741e+00
2.847456831968334434e+00
2.847415635118292876e+00
2.847401422875543986e+00
2.847153723368053058e+00
2.847164158522164534e+00
2.847005050439575413e+00
2.846644608443996916e+00
2.846201077643731203e+00
2.845868855019137555e+00
2.845366744388759361e+00
2.844915436798904018e+00
2.844676879300543693e+00
2.843679402784931476e+00
2.842467623356089046e+00
2.840890688047551293e+00
2.839237519354825601e+00
2.837193758231483454e+00
2.836507235981919450e+00
2.837544606244939871e+00
2.845498887097914320e+00
2.845815286698146096e+00
2.846819201604438465e+00
2.850960490678654757e+00
2.856039117248127646e+00
2.851530876394413383e+00
2.852202048283654534e+00
2.850809669046878270e+00
2.852591503463374423e+00
2.850818185182708575e+00
2.842995002463595711e+00
2.842796613153692586e+00
2.843593987602029749e+00
2.844632097322076003e+00
3.814345615924198185e+00
3.814159591042580288e+00
3.813600504370142197e+00
3.812737470732431078e+00
3.812170693682869427e+00
3.811695460326672169e+00
3.811519670858066533e+00
3.811872096709493896e+00
3.811647224351207619e+00
3.811386376205280868e+00
3.811657916988123951e+00
3.811656082579772509e+00
3.811776780315894619e+00
3.811663562637247260e+00
3.811513975668598952e+00
3.810080964929421832e+00
3.807605848034115503e+00
3.804464233908668724e+00
3.802793815800141530e+00
3.802041207201120265e+00
3.798068593043299579e+00
3.796108617484457604e+00
3.790223774671095391e+00
3.791007669185781914e+00
3.791436561734803590e+00
3.795721149367278890e+00
3.798018481177932948e+00
3.799082024322943951e+00
3.799260871039252585e+00
3.797347242036552828e+00
3.798615147064245967e+00
3.800699130456032471e+00
3.802505172938563049e+00
3.802606570423948895e+00
3.800986296595868730e+00
3.799109808132969057e+00
3.799742618992850041e+00
3.799746729363370434e+00
3.799369881739952604e+00
3.799203390011949288e+00
3.618921141481733272e+00
3.640872951870043117e+00
3.637221160908341133e+00
3.635074798008093744e+00
3.644970024935999753e+00
3.672325553579131707e+00
3.690246632311888320e+00
3.707491930250732537e+00
3.711343328730720259e+00
3.717990840403992081e+00
3.724149173062927254e+00
3.736832600911430546e+00
3.746358109291453964e+00
3.770998466688908479e+00
3.783930569657040444e+00
3.787583350714744057e+00
3.790379681447547000e+00
3.794175675692442518e+00
3.800234826384583542e+00
3.802275010934550004e+00
3.804021746346641031e+00
3.805427760916495039e+00
3.805839402634302537e+00
3.803999161781178806e+00
3.801734260466862914e+00
3.801171157820166790e+00
3.801270996191595586e+00
3.801667495598093360e+00
3.803594075462357615e+00
3.804786891331049858e+00
3.806039142933107300e+00
3.806218859106163421e+00
3.806842020143028194e+00
3.806225427726701582e+00
3.806645769292465786e+00
3.806737077521928470e+00
3.806406639332766240e+00
3.805733655329485821e+00
3.804848819186655184e+00
3.804614812423091408e+00
1.000685316834534655e+00
1.000685316834534655e+00
1.000685316834534655e+00
1.000685316834534655e+00
1.143500799811618673e+00
1.273408812167998283e+00
1.273408812167998283e+00
1.116205042352277133e+00
1.000685316834534655e+00
1.000685316834534655e+00
1.000685316834534655e+00
1.000685316834534655e+00
1.000685316834534655e+00
1.000685316834534655e+00
1.000685316834534655e+00
1.000685316834534655e+00
1.047006526189567133e+00
1.273408812167998283e+00
1.273408812167998283e+00
1.273408812167998283e+00
1.273408812167998283e+00
1.273408812167998283e+00
1.273408812167998283e+00
1.273408812167998283e+00
1.273408812167998283e+00
1.273408812167998283e+00
1.273408812167998283e+00
1.273408812167998283e+00
1.273408812167998283e+00
1.273408812167998283e+00
1.273408812167998283e+00
1.273408812167998283e+00
1.273408812167998283e+00
1.273408812167998283e+00
1.273408812167998283e+00
1.273408812167998283e+00
1.273408812167998283e+00
1.003857048520180539e+00
9.461847216157114326e-01
1.146637453312728816e+00
