4.895490872685748229e+00
4.963216745947362618e+00
4.928514276054923648e+00
4.919452573030271836e+00
5.001217169102972981e+00
4.992182431128266096e+00
4.961486908815463615e+00
4.982044399409050861e+00
4.998884234500442503e+00
5.008380509325143670e+00
5.015793680677955280e+00
5.007273507825103387e+00
4.993552469412432693e+00
4.971134092143532079e+00
5.016610349419692305e+00
5.009342681646095308e+00
4.999747347674677656e+00
5.018664011170514527e+00
4.986704200192003000e+00
4.986520616803875150e+00
4.996663824059175418e+00
5.009944666175196737e+00
5.026798777720742351e+00
5.020615528963329410e+00
5.015874224467774312e+00
5.009254486907257053e+00
5.029216383894813625e+00
5.031105454586039194e+00
5.004553770497036425e+00
5.009224036790801193e+00
5.007604612127362742e+00
5.026210109213804067e+00
4.974285526111439815e+00
4.958246674403072873e+00
4.964372974652614623e+00
4.947170785761913159e+00
4.967678065128143139e+00
4.990531741161778001e+00
4.967623097773922858e+00
4.843777577827844461e+00
4.023267855227393497e+00
4.023244666684812287e+00
4.023236065938267991e+00
4.023274352944831378e+00
4.023284228335699098e+00
4.023285304476513780e+00
4.023287591488633019e+00
4.023287236725677118e+00
4.023273078764551869e+00
4.023260376176747144e+00
4.023163486686820001e+00
4.021401802854199126e+00
3.997107986278227276e+00
4.001310957971666582e+00
3.998149723064149175e+00
4.020509461467498546e+00
3.914345707372356209e+00
3.970322517531598372e+00
4.019810971530433541e+00
4.022102316089109841e+00
4.022930615493232054e+00
4.023139788045623888e+00
4.023119550339677275e+00
4.023208103168188998e+00
4.023236540081542856e+00
4.023274207617631326e+00
4.023273936277165674e+00
4.022705275713677864e+00
4.021533423426681964e+00
4.020241378309896696e+00
4.013995555918963731e+00
4.010941515497875365e+00
4.017695921765337630e+00
4.019695174832858875e+00
4.020954182660835485e+00
4.021048047650112700e+00
4.018466216131059809e+00
4.008526600323543576e+00
3.460639693892166857e+00
3.086600163109503026e+00
3.129083382857658968e+00
3.052347301433425475e+00
2.927474744483871127e+00
2.917786364673861321e+00
2.924098923955253504e+00
2.924098923955253504e+00
2.876011141093806511e+00
2.864522672739211462e+00
2.822136167957679742e+00
2.753347191440050690e+00
2.748370519471395212e+00
2.845424786998695943e+00
2.851802807199921297e+00
2.850055719029223056e+00
2.841975016996214798e+00
2.846001582371562755e+00
2.839499801193777984e+00
2.858624149138771831e+00
2.857923244892027537e+00
2.817457084359053621e+00
2.885548756317887875e+00
2.894763981555729337e+00
2.822117789097216445e+00
2.805843706558044381e+00
2.808225677847858037e+00
2.820783115974518029e+00
2.835197550337097638e+00
2.857723652243652879e+00
2.826362577135085097e+00
2.974418018649622297e+00
2.956262837969250157e+00
3.004230433278319623e+00
2.952818461128962291e+00
2.944071519680208304e+00
2.961429196878142101e+00
3.202069125262041460e+00
3.102215946406412073e+00
3.105097631435819405e+00
3.186253413157645209e+00
3.189058525661226717e+00
2.047588107310330585e+00
2.018075615242350462e+00
1.974182420308451036e+00
2.026563262540007404e+00
1.975332089017898252e+00
2.016176279035792440e+00
2.025492287400600055e+00
2.050046790866862700e+00
2.079583313818364587e+00
2.082448062484576035e+00
2.062885322547353795e+00
2.065062449243405318e+00
2.092465712553807311e+00
2.100184115801825513e+00
2.084167592916715162e+00
2.063670665960886108e+00
2.056191971337963942e+00
2.047797278819389000e+00
1.982898070965718684e+00
1.974999482280155982e+00
2.036906479609150278e+00
2.048155458233967607e+00
2.049330656667387895e+00
2.045642496889350070e+00
2.048433516025562895e+00
2.050144571775198266e+00
2.091219554740523456e+00
2.055095131908078354e+00
2.056118064847976434e+00
2.064063092561764012e+00
2.065545912367730441e+00
2.056424071152775035e+00
2.110299417846323689e+00
2.099178754043283135e+00
2.062656881794078689e+00
2.020515792216408979e+00
1.887567966434601674e+00
1.783321964238997026e+00
1.835721652498094159e+00
1.818580051957482180e+00
2.387986075971116673e+00
1.735049686373875799e+00
1.414782889235010277e+00
1.277345619470423799e+00
1.059330301339305613e+00
1.059330301339305613e+00
1.059330301339305613e+00
1.059330301339305613e+00
1.059330301339305613e+00
1.148627761707901263e+00
1.312464735682693950e+00
1.312464735682693950e+00
1.312464735682693950e+00
1.312464735682693950e+00
1.119820326623390372e+00
8.272855415222224451e-01
8.561642321685909440e-01
9.406941154458071663e-01
9.406941154458071663e-01
9.406941154458071663e-01
9.406941154458071663e-01
9.406941154458071663e-01
9.924305810730253974e-01
9.771610653275928371e-01
1.155887120203056284e+00
1.093621083795215831e+00
9.406941154458071663e-01
9.459626274883926600e-01
9.406941154458071663e-01
9.822786966635955741e-01
1.155887120203056284e+00
1.155887120203056284e+00
1.155887120203056284e+00
1.155887120203056284e+00
1.185033050688134137e+00
1.188624940267438923e+00
1.202441856943706089e+00
1.366267552569014887e+00
1.318029081241644196e+00
7.095811899517239230e-01
