3.957812639213282857e+00
3.959340317615519744e+00
3.959330278176716345e+00
3.960337127793491785e+00
3.960548434571937726e+00
3.958501298080780106e+00
3.955683880008231679e+00
3.953555623150913689e+00
3.948932687485888771e+00
3.951661122813866278e+00
3.946048986952435556e+00
3.934908782980567121e+00
3.932144297561216639e+00
3.929339430864735139e+00
3.926608098144246384e+00
3.948644236851106104e+00
3.949480814741332058e+00
3.947049011205834734e+00
3.948508541735665123e+00
3.946473850697417518e+00
3.945660864607026141e+00
3.944796633202413805e+00
3.948588009439629065e+00
3.948729351669647336e+00
3.948670095010760051e+00
3.941225009604694574e+00
3.943608366680508848e+00
3.936094271872833339e+00
3.938551207817779343e+00
3.940844705562493555e+00
3.937966881609594960e+00
3.928916695891135902e+00
3.931862863954400655e+00
3.919095520658141929e+00
3.916439735973462177e+00
3.916498039165321465e+00
3.910768130225911410e+00
3.915081090302260591e+00
3.913572073118584349e+00
3.897103696654556693e+00
2.004492864903550053e+00
2.004477238503798553e+00
2.004446268636809858e+00
2.004488958824750089e+00
2.004501293514516114e+00
2.004494816806680735e+00
2.004493428822530010e+00
2.004575744223322520e+00
2.004655625701460497e+00
2.004680141736769006e+00
2.004711638833521548e+00
2.004859210812282466e+00
2.005116623682583921e+00
2.005324931965798640e+00
2.006006548794657895e+00
2.005262292572100424e+00
2.004651826088889255e+00
2.004288619578022068e+00
2.004025691268799925e+00
2.004295531370091421e+00
2.004322254461578190e+00
2.004459318298219550e+00
2.004095519803052561e+00
2.003689356173767866e+00
2.003398829735826059e+00
2.004174822248320886e+00
2.005311086395192177e+00
2.008303121175367245e+00
2.008999136588487833e+00
2.007977467221059520e+00
2.008423937270265913e+00
2.009195560666265479e+00
2.010199416039254228e+00
2.006898409849135589e+00
2.006131011692470434e+00
2.006107186518522933e+00
2.005696881465103054e+00
2.005644555997561529e+00
2.005459736258928150e+00
2.005297963896687019e+00
2.003988507218468218e+00
2.004156171717593526e+00
2.004115837485974883e+00
2.004215453279917902e+00
2.004092961360597336e+00
2.004301794322149277e+00
2.004386093559130444e+00
2.004275707553520025e+00
2.004358717133486678e+00
2.004358077652259595e+00
2.004446713506173428e+00
2.005191813054738592e+00
2.005289296050272174e+00
2.005110279829371844e+00
2.005622577319062128e+00
2.006635824158512271e+00
2.006754133232162118e+00
2.008734609245004687e+00
2.010603083123478019e+00
2.009533346400818488e+00
2.014639606492524493e+00
2.013948006892659848e+00
2.039074464477324433e+00
2.050630778375538199e+00
2.090693236388672105e+00
2.064986114184263144e+00
2.092391351263223065e+00
2.040524731573504003e+00
2.007013158154726362e+00
2.007290126518528783e+00
2.007340487105377935e+00
2.007303962211089310e+00
2.007472086034919556e+00
2.006246251579821838e+00
2.005718843208008639e+00
2.005796825758821900e+00
2.004854357802216658e+00
2.004995360244617331e+00
2.011396333180357043e+00
2.009051619078531914e+00
2.934508155574027999e+00
3.026229927385852836e+00
3.008338888930543131e+00
3.016151768386973409e+00
2.934508155574027999e+00
2.771403258136974745e+00
2.602819934532485835e+00
2.863572472720059547e+00
2.680854316449133634e+00
2.837109971351639892e+00
2.909099489207178202e+00
2.913681289677909181e+00
2.929903122011134009e+00
2.964039840693342587e+00
2.905214324895395883e+00
2.876880706071381688e+00
2.855096712083336818e+00
2.898962223588158249e+00
2.938807956605421712e+00
2.962138660365737142e+00
2.947953116251047501e+00
2.950256618545332277e+00
3.039121769636877968e+00
3.038794562554261613e+00
2.905102381185314275e+00
2.974123501543662229e+00
3.125136718606363662e+00
3.003116406479946932e+00
2.913095973772020120e+00
2.943075980738198538e+00
3.018238263798409537e+00
3.014499167928798240e+00
2.977908587507430482e+00
2.962671351947788523e+00
2.976962037983203135e+00
3.109980024751965111e+00
3.021991310390361285e+00
3.049238276457581165e+00
3.121105178238195776e+00
3.197215414090645691e+00
2.003691411979071191e+00
2.004385211564146729e+00
2.017438715990027998e+00
2.021480876890727529e+00
2.029676782785926115e+00
2.029134070684238900e+00
2.017062582565464446e+00
2.008197921717441936e+00
2.037145196849969864e+00
2.081544416049137425e+00
2.042926160403188529e+00
2.068294551311070872e+00
2.005578457874836573e+00
1.985611058757138281e+00
1.987606228257503549e+00
1.978138567913784840e+00
1.982341832802029469e+00
1.999954092753125412e+00
2.004100683903554003e+00
2.004075558914739652e+00
2.004255374213079310e+00
2.004308643161462289e+00
2.004431982320641570e+00
2.004433561210344550e+00
2.004313665749230644e+00
2.004694952509652683e+00
2.004850795781775830e+00
2.004913046998731296e+00
2.004952291052158220e+00
2.005571816281315645e+00
2.005909303902543517e+00
2.006329594806701255e+00
2.006847985117454769e+00
2.008485840355530350e+00
2.009040233368718731e+00
2.008746377521385185e+00
2.007392982276163806e+00
2.007163264557244808e+00
2.007476057218718690e+00
2.006917138100072329e+00
3.954119203281738049e+00
3.953267930742364378e+00
3.939702707822218652e+00
3.946856264988738872e+00
3.952588585267724053e+00
3.953131886858214816e+00
3.954646662161514392e+00
3.957006136630055071e+00
3.961156148140502431e+00
3.960934117255660691e+00
3.961653369770456123e+00
3.961869356921303265e+00
3.961777290551438124e+00
3.961661592813625177e+00
3.961905124697506331e+00
3.962872525389871559e+00
3.963568328341489533e+00
3.963474457454853273e+00
3.962596728959544290e+00
3.963016727026981378e+00
3.963886648757196873e+00
3.963893819551784770e+00
3.964398367754092600e+00
3.964532773178838010e+00
3.964160372462325554e+00
3.963186932014081343e+00
3.962046088263357468e+00
3.961886502077108130e+00
3.956524496226521581e+00
3.961083856444141293e+00
3.959838358740956021e+00
3.964239814739149104e+00
3.963997783428052646e+00
3.964381451272567691e+00
3.960727681542103085e+00
3.954514342081448586e+00
3.958329641496493689e+00
3.962254415446115896e+00
3.959487453291494319e+00
3.961376595116620880e+00
3.806424555814719390e+00
3.804484252804234856e+00
3.692895102069265967e+00
3.961846808172416967e+00
4.050379906424717014e+00
4.111956580107968939e+00
4.242341579976224963e+00
4.270201334437768281e+00
4.172099397411408006e+00
4.387192471648500458e+00
4.331539920324736670e+00
4.570868675444942575e+00
4.590966807355919777e+00
4.625112175799265479e+00
4.605501099433455536e+00
4.509550798115372849e+00
4.632446358993061786e+00
4.586543267798537826e+00
4.766514084739201351e+00
4.902496943676695196e+00
4.977303643479609185e+00
4.970846597799442712e+00
4.951403534018546715e+00
4.926966512861228331e+00
4.926966512861228331e+00
4.926966512861228331e+00
4.952578600368251927e+00
4.975912491427793682e+00
4.934736371207388395e+00
4.917650929897953382e+00
4.825564594563457099e+00
4.836054288188996964e+00
4.912926162153219423e+00
4.947911203413981163e+00
4.949932103664572480e+00
4.928474986943411018e+00
4.916446187749852648e+00
4.855245611923654891e+00
4.877283467824201857e+00
4.932412029374368068e+00
2.971092568139340973e+00
2.950951599568675032e+00
2.929893315598425918e+00
2.871132955442559087e+00
2.871132955442559087e+00
2.865098796355985744e+00
2.890989425482106245e+00
3.026561435039341053e+00
3.042432347401782256e+00
3.027983729097529775e+00
3.015846306490023832e+00
3.087148585355756314e+00
3.111392825550089558e+00
3.163554239281871627e+00
3.149814372513985106e+00
3.170084777784166086e+00
3.157191606914987680e+00
3.109005826984895915e+00
3.063987454685054512e+00
3.093599565690907660e+00
3.122935690385304497e+00
3.156213939108541755e+00
3.118927660232249544e+00
3.097065779812164354e+00
3.141648218523610314e+00
3.168576532722050310e+00
3.075434058564686879e+00
3.065169545444037524e+00
3.071878610845084623e+00
3.052457283478134720e+00
3.075174618429159068e+00
3.041805034719188949e+00
2.935869621751829417e+00
2.912115095863719194e+00
2.856188921704091666e+00
2.844167663578591299e+00
2.845088864458312106e+00
2.839940891494921349e+00
2.776290742053607818e+00
2.769378862149007414e+00
4.900779038359917905e+00
4.918522831461769051e+00
4.937542535011753664e+00
4.943820018589477172e+00
4.937870553395499407e+00
4.934577529202588408e+00
4.947881843893902953e+00
4.979835278249296948e+00
5.021753205507407003e+00
5.013404395684911918e+00
5.024245535214966196e+00
4.970338696990109106e+00
4.975384599928197815e+00
4.978326460659820540e+00
4.958539074277087622e+00
4.981926066154222177e+00
5.018018196262284292e+00
5.013884209416932691e+00
5.009790924452452998e+00
4.998900051788990773e+00
5.001751992523480794e+00
5.029535735055877588e+00
5.037371998818235497e+00
5.058878427473478823e+00
5.038190081024876754e+00
5.019696788480096927e+00
5.014378090295628532e+00
4.985242384405109917e+00
4.940721378581807599e+00
4.863243054454395420e+00
4.800172209564401271e+00
4.839488281449977336e+00
4.816926986165737112e+00
4.794670459847329980e+00
4.691878302659758582e+00
4.718983476072429184e+00
4.707106116448384725e+00
4.559386625234524537e+00
4.708580705080110285e+00
4.564388789121903045e+00
2.109699880639193559e+00
2.061346368854052091e+00
2.438464034122593382e+00
1.195670650684087732e+00
1.068628809889099252e+00
9.807088921605697784e-01
1.068095217149225729e+00
1.904144756079790390e+00
1.388820748753969880e+00
1.078811576912746872e+00
7.613021977562037801e-01
7.613021977562037801e-01
5.765507072693150104e-01
1.111580808525959085e+00
1.175051937938760283e+00
1.757503418208796742e+00
1.339650003750459284e+00
2.417300043502226270e-01
6.757270876143879335e-01
9.955255153253401712e-01
1.002267437489471114e+00
1.306186214362487386e+00
1.306186214362487386e+00
9.476899922349962813e-01
8.976536043326184267e-01
8.143275094743498421e-01
1.111610699206559527e+00
1.142955354771348464e+00
1.094368893130154508e+00
7.514914028521105793e-01
3.992345692122105660e-01
5.490587394801134113e-01
4.643124876113484678e-01
5.085886182390730870e-01
1.049600472405135099e+00
1.095366608731248359e+00
9.148334841899714576e-01
1.643680365936472487e+00
1.304974827970450502e+00
1.402826878759671825e+00
3.112023182226539397e+00
3.011444704916249382e+00
3.002684490640076476e+00
2.984427499031041098e+00
2.990160105270286195e+00
2.921680372305346385e+00
2.851936726209596262e+00
2.914270486623998568e+00
2.927182552239238067e+00
2.927182552239238067e+00
2.994491350539284280e+00
3.090850315424303663e+00
3.090850315424303663e+00
3.089394204504584796e+00
3.106715762225903621e+00
3.132167654372318033e+00
3.122926914128141274e+00
3.082473639056513282e+00
3.075706126409960994e+00
3.080487251666678361e+00
3.078648944558863398e+00
2.980947627151819823e+00
2.987321796368014315e+00
2.988075762654251122e+00
2.995129951437874194e+00
2.934958263711292314e+00
2.909510032448869410e+00
2.890818527240857083e+00
2.890818527240857083e+00
2.913391815922808270e+00
2.917766318312125851e+00
2.800775289699410475e+00
2.802100230253538271e+00
2.830040828750119086e+00
2.862586237262965572e+00
2.896649481858670772e+00
2.860618601007061557e+00
2.926921443175187765e+00
2.937444594382498497e+00
2.969337667205286024e+00
1.176359352477313713e+00
1.176359352477313713e+00
1.176359352477313713e+00
1.176359352477313713e+00
1.176359352477313713e+00
1.176359352477313713e+00
1.176359352477313713e+00
1.176359352477313713e+00
1.176359352477313713e+00
1.176359352477313713e+00
1.176359352477313713e+00
1.176359352477313713e+00
1.176359352477313713e+00
1.176359352477313713e+00
1.176359352477313713e+00
1.176359352477313713e+00
1.176359352477313713e+00
1.176359352477313713e+00
1.176359352477313713e+00
1.197193469566580237e+00
1.176359352477313713e+00
1.176359352477313713e+00
1.176359352477313713e+00
1.176359352477313713e+00
1.176359352477313713e+00
1.176359352477313713e+00
1.233794421013957088e+00
1.326175943412084557e+00
1.294521704364156367e+00
1.586152575861979219e+00
1.706767235507471892e+00
1.461804123609776074e+00
1.176359352477313713e+00
1.176359352477313713e+00
1.176359352477313713e+00
1.176359352477313713e+00
1.176359352477313713e+00
1.176359352477313713e+00
1.176359352477313713e+00
1.176359352477313713e+00
3.957197230867913973e+00
3.960275130232114194e+00
3.954998137934459645e+00
3.951872116619537412e+00
3.952014749569957797e+00
3.957408075860850083e+00
3.960074983091360856e+00
3.962569884824632460e+00
3.963315006547593722e+00
3.963383576669621711e+00
3.962758405713510790e+00
3.960221241452934304e+00
3.958938407340779175e+00
3.956044211255250520e+00
3.940498890933351817e+00
3.938312075336282803e+00
3.941847851726761220e+00
3.951744985827170709e+00
3.945468019637297541e+00
3.937881208209348394e+00
3.931345966333640973e+00
3.939313721110788702e+00
3.942182595984462967e+00
3.919114239527703880e+00
3.898488915603985916e+00
3.920140133773570401e+00
3.942063427097706185e+00
3.935873640144362362e+00
3.947793661245296626e+00
3.952897211940242794e+00
3.955408738811065028e+00
3.956157272508775691e+00
3.955858003003990042e+00
3.957580658796806095e+00
3.955250095182470282e+00
3.952783980844030598e+00
3.953504441035355033e+00
3.950042434366189958e+00
3.948362043240085217e+00
3.950139403752946254e+00
3.656943296860994952e-01
5.990216304676507786e-01
9.173267218906244747e-01
1.083928579059828756e+00
1.361859547584689079e+00
9.173267218906244747e-01
9.664575045810520626e-01
1.399016280726829820e+00
1.276973544020395313e+00
9.566379367185566807e-01
1.122881308855301796e+00
1.399016280726829820e+00
1.209963252749118201e+00
9.173267218906244747e-01
1.190690739508088125e+00
1.399016280726829820e+00
1.399016280726829820e+00
1.276973544020395313e+00
1.399016280726829820e+00
1.399016280726829820e+00
1.399016280726829820e+00
9.958929832721394870e-01
9.173267218906244747e-01
9.173267218906244747e-01
9.173267218906244747e-01
9.173267218906244747e-01
9.173267218906244747e-01
9.173267218906244747e-01
9.173267218906244747e-01
9.173267218906244747e-01
9.173267218906244747e-01
9.173267218906244747e-01
9.173267218906244747e-01
9.173267218906244747e-01
9.173267218906244747e-01
1.122881308855301796e+00
1.356541757511020130e+00
1.023336800351330123e+00
1.023336800351330123e+00
1.023336800351330123e+00
4.987124084845797611e+00
4.969768789595732095e+00
4.980699999363814356e+00
4.963135728009382852e+00
4.967255203651579798e+00
4.964648706135754708e+00
4.938603137344331095e+00
4.931815922777074590e+00
4.969513262153578026e+00
4.964563120696986687e+00
4.968803796570846032e+00
4.976107889066086365e+00
4.955522374884401060e+00
4.956974577052023712e+00
4.957243219585438787e+00
4.944869760709390327e+00
4.954114152624971901e+00
4.949501446766473300e+00
4.932568092494279632e+00
4.907933897153246683e+00
4.897282381159269171e+00
4.896460671348418892e+00
4.898230520106062968e+00
4.887840071049489588e+00
4.896866895895709781e+00
4.915181462551498015e+00
4.933490557440576296e+00
4.980513675310752397e+00
4.985880244453056775e+00
4.999519369892509779e+00
5.048813609015214254e+00
5.075011405341402160e+00
5.037977444965905605e+00
5.028339217728525767e+00
4.993714071683940325e+00
4.975328639917324658e+00
4.977026718439137021e+00
4.981683989971157800e+00
4.983486526275323847e+00
4.963551645391482303e+00
