4.981986131280848440e+00
5.006221808153688002e+00
5.006069052523447915e+00
5.001526507798589982e+00
4.979148126577542577e+00
4.989382508946392569e+00
4.967568354336144409e+00
4.987631758152204497e+00
4.999204703162528851e+00
4.994696882668264060e+00
4.988512865029118615e+00
4.990279001639979839e+00
4.948346889721708664e+00
4.941767552255597273e+00
4.951312663764322330e+00
4.908140317966926069e+00
4.896709971347728896e+00
4.906203514342825756e+00
4.864683384323102544e+00
4.858962845393481444e+00
4.873779004958524119e+00
4.908693744015621085e+00
4.945829253484287591e+00
4.931054761013997201e+00
4.941230077743909099e+00
4.905864072427652545e+00
4.940780045636220308e+00
4.948925444504007842e+00
4.920043149381339020e+00
4.954620342318765580e+00
4.942693534935508559e+00
4.928521304013408155e+00
4.899603119822547370e+00
4.908115887833959690e+00
4.951454326337344725e+00
4.972022213727813167e+00
4.953911353371114323e+00
4.941568979580239329e+00
4.923425662720564588e+00
4.943195912819899007e+00
4.028701079453095524e+00
4.028871953306746079e+00
4.029118298558796774e+00
4.029175733458804309e+00
4.029450634165419487e+00
4.029534756589620237e+00
4.029544220720322478e+00
4.029584242062890453e+00
4.029661405280130282e+00
4.029662670338550079e+00
4.029675747198339764e+00
4.029311409029992852e+00
4.028772972410399333e+00
4.028870274042524180e+00
4.028419719586371350e+00
4.029125410433856302e+00
4.029173599476325585e+00
4.029119804630578727e+00
4.028989125960605655e+00
4.029235018898288168e+00
4.029092144748656956e+00
4.028945196373227233e+00
4.028740470903653836e+00
4.028485044589602992e+00
4.028687068723598941e+00
4.028712189181590908e+00
4.029155153263845435e+00
4.029653351349102408e+00
4.029737708241003524e+00
4.029748831157331956e+00
4.029715801839675038e+00
4.029634652693034447e+00
4.029521563896970804e+00
4.029456765001883767e+00
4.029131467404038602e+00
4.028327580729390789e+00
4.023415697294153048e+00
3.994257375942228627e+00
3.898187947332411696e+00
3.657433047021208417e+00
3.161850395415924275e+00
3.016360578392602410e+00
2.957523074749663472e+00
2.930610169246841590e+00
2.963927766670202857e+00
2.963927766670202857e+00
3.016514666036583137e+00
3.084277613667581353e+00
3.014868127918354013e+00
3.021345745938880611e+00
2.948475421586106204e+00
2.980498524340878141e+00
3.016922554918652466e+00
3.007123221197174789e+00
2.960053131631640966e+00
2.983866143744074328e+00
2.938290225074810635e+00
2.896980834318095610e+00
2.935998223280801067e+00
2.943990419410424941e+00
2.981862144185334795e+00
2.903642285294184777e+00
2.956179445566751163e+00
2.912062326207443874e+00
2.881513589909586059e+00
2.885753119787367815e+00
2.920675874950353634e+00
2.986861126993934246e+00
2.988563323922621695e+00
3.029737471350601563e+00
3.055373577832322329e+00
3.154274127949502571e+00
3.099196655566095249e+00
3.092517175871597246e+00
3.091363125279049662e+00
3.100804896315815462e+00
3.016574713515664197e+00
2.897192655139082085e+00
2.834222740201449486e+00
2.719340415073212114e+00
2.103651443067584559e+00
2.070727400355047543e+00
2.072706050198183103e+00
2.071609335433123089e+00
2.060972277703136069e+00
2.057987306068747912e+00
2.043485590035843291e+00
2.049232324387320947e+00
2.062045672396574325e+00
2.063250433168455356e+00
2.051305966978317130e+00
2.046332880221455319e+00
2.048132817937142747e+00
2.047578648833644266e+00
2.038599978222263243e+00
2.025294507258842192e+00
2.009476653431207183e+00
1.963451966165059792e+00
1.946606658027314696e+00
1.957058084763741990e+00
1.940402295780672359e+00
1.935767827917141082e+00
1.934692681745121989e+00
1.932769915940283356e+00
1.946467391764224564e+00
1.991977384198326595e+00
1.927968455519410318e+00
1.944827941508837421e+00
1.937395890635382534e+00
1.960668668793296598e+00
2.065393332196156617e+00
2.087858922939512585e+00
2.164019909859776991e+00
2.186877585807139646e+00
2.238144709494694240e+00
2.137680524181185149e+00
2.025062332387498998e+00
1.979430444749704199e+00
1.973468813772032648e+00
1.907629288834481907e+00
1.546365992110586562e+00
1.231650128935948940e+00
1.122427398579964430e+00
1.073358312200787923e+00
9.956137541833836035e-01
9.956137541833836035e-01
9.956137541833836035e-01
9.956137541833836035e-01
9.956137541833836035e-01
1.037959270448276738e+00
1.137897080062044486e+00
1.137897080062044486e+00
1.137897080062044486e+00
1.137897080062044486e+00
1.023789346338239259e+00
9.256034733509361789e-01
9.651413882350028395e-01
1.016220920539669725e+00
1.016220920539669725e+00
1.016220920539669725e+00
1.016220920539669725e+00
1.016220920539669725e+00
1.012472191292562718e+00
1.013597451236764924e+00
9.974175624135317442e-01
1.004203768324990032e+00
1.016220920539669725e+00
1.015846323244021798e+00
1.016220920539669725e+00
1.013222425402767302e+00
9.974175624135317442e-01
9.974175624135317442e-01
9.974175624135317442e-01
9.974175624135317442e-01
1.065777774596190275e+00
1.071793862521194907e+00
1.080423024823829126e+00
1.214559200388728444e+00
1.205379008550496511e+00
1.100250356782070726e+00
