4.366654189509891815e+00
4.366765151287717472e+00
4.366788936952028521e+00
4.366713695656267546e+00
4.366585847558948075e+00
4.367006288209939413e+00
4.366730774413253968e+00
4.367095880758016690e+00
4.367312249727076434e+00
4.367273452540539225e+00
4.367220089876863831e+00
4.367250808275147556e+00
4.367001047331809716e+00
4.367042017825317757e+00
4.366840401621855605e+00
4.365911191268857294e+00
4.365013948795641419e+00
4.366031862600927127e+00
4.365534669451710315e+00
4.365446931554290089e+00
4.365487652331187185e+00
4.366085932757767019e+00
4.366670282472549403e+00
4.366609862492009775e+00
4.366996902064800068e+00
4.366417728040682178e+00
4.366816610771765639e+00
4.366829749861143029e+00
4.366392321076242311e+00
4.366837209493855454e+00
4.366682622615149612e+00
4.366549342461284233e+00
4.366050838117146782e+00
4.365907871917257488e+00
4.366970922940432764e+00
4.367173184852804368e+00
4.366946052544824042e+00
4.367008211419687314e+00
4.366778196584006011e+00
4.366918533403589819e+00
4.367577744101845738e+00
4.367577764590850897e+00
4.367577779289200102e+00
4.367577779551796269e+00
4.367577780461562753e+00
4.367577782195956715e+00
4.367577783418362003e+00
4.367577783412826875e+00
4.367577782818560905e+00
4.367577772795326219e+00
4.367577726542913652e+00
4.367576873473961285e+00
4.367573010070979755e+00
4.367567459396293650e+00
4.367552002676564626e+00
4.367564750253216665e+00
4.367385261244148609e+00
4.367436020179242817e+00
4.367539165183874417e+00
4.367574335655881157e+00
4.367576757636731699e+00
4.367577516824094452e+00
4.367577596510269444e+00
4.367577703368306530e+00
4.367577751960009635e+00
4.367577763243186695e+00
4.367577776159206948e+00
4.367577782916859164e+00
4.367577782523937913e+00
4.367577782627933836e+00
4.367577781408943594e+00
4.367577773305972855e+00
4.367577719109856815e+00
4.367577592247875451e+00
4.367576310497177872e+00
4.367570043849211103e+00
4.367148560178935490e+00
4.313422807517241608e+00
3.124292430822014133e+00
1.645538207454054103e+00
3.354666452667696142e+00
2.919591338870263453e+00
3.038904948621885538e+00
2.989937326268776729e+00
3.074740512266247006e+00
3.074740512266247006e+00
3.429112208830700226e+00
3.661513407084329597e+00
3.588863050517436371e+00
3.763158027343704415e+00
3.607063147059522912e+00
3.423387746709013690e+00
3.508546216715129784e+00
3.485755377012372591e+00
3.375182777435490777e+00
3.431306089702166329e+00
3.324628287401609761e+00
3.238105535481911268e+00
3.303814667614448197e+00
3.215400058489675139e+00
3.554353765313782443e+00
3.455532128855068663e+00
3.441249211925597074e+00
3.325397564864144062e+00
3.123434657961099870e+00
2.958075320330709079e+00
3.091525032991702560e+00
3.298913215106891172e+00
3.208081062778065373e+00
3.350122485580134146e+00
3.338452794390053491e+00
3.690121723816966348e+00
3.726781537255633658e+00
3.744624233619691545e+00
3.753832701621061751e+00
3.940521929130291756e+00
3.735840233625286722e+00
3.383404089274457682e+00
3.296305540700166681e+00
3.070009513069231311e+00
1.514723065295071613e+00
1.509613795009724813e+00
1.509743038324312225e+00
1.509967822781706825e+00
1.509560255356500402e+00
1.509574671673847401e+00
1.509424104324564642e+00
1.510150926092893586e+00
1.527641263684245576e+00
1.555639384539405867e+00
1.514404638377910395e+00
1.512311748309821180e+00
1.512423913398528663e+00
1.520934042319849633e+00
1.526412388733556780e+00
1.524371823654601776e+00
1.516009746717310591e+00
1.509597273919550453e+00
1.509233430316855751e+00
1.509201667650715839e+00
1.509232994242684756e+00
1.509405156158112549e+00
1.509394467977295040e+00
1.509343188540632097e+00
1.509652495742460188e+00
1.511123822135475692e+00
1.519459652623347923e+00
1.521046925391771110e+00
1.517805426795401313e+00
1.532386181686540949e+00
1.622164720158128848e+00
1.633801196490437979e+00
1.705268443716781990e+00
1.741778025443377675e+00
1.894580326103512347e+00
1.705255815085683579e+00
1.548896300588541219e+00
1.652753227846952555e+00
1.749600377331750778e+00
1.735484583097415268e+00
1.938880329312325124e+00
1.739446648491014269e+00
1.690528751766952942e+00
1.671304052315401911e+00
1.643998594348734299e+00
1.643998594348734299e+00
1.643998594348734299e+00
1.643998594348734299e+00
1.643998594348734299e+00
1.661047048142268778e+00
1.709039127938781988e+00
1.709039127938781988e+00
1.709039127938781988e+00
1.709039127938781988e+00
1.655149416632857085e+00
1.622458753435751966e+00
1.638174303217980077e+00
1.658023354672668592e+00
1.658023354672668592e+00
1.658023354672668592e+00
1.658023354672668592e+00
1.658023354672668592e+00
1.663477555752477910e+00
1.661821799372019015e+00
1.687231784843142179e+00
1.676146751738243124e+00
1.658023354672668592e+00
1.658560468825240219e+00
1.658023354672668592e+00
1.662371846682690890e+00
1.687231784843142179e+00
1.687231784843142179e+00
1.687231784843142179e+00
1.687231784843142179e+00
1.787701095142039343e+00
1.798498570615225001e+00
1.805083650284022845e+00
1.926655538858168093e+00
1.917786906048190243e+00
1.826722961848384896e+00
