4.210872773525472290e+00
4.210874948743875024e+00
4.210882388852455804e+00
4.210841014855835951e+00
4.210838908869042108e+00
4.210873352984777718e+00
4.210845747804696337e+00
4.210885996296148015e+00
4.210350280294428593e+00
4.206569873428546380e+00
4.209183482870907156e+00
4.234729451916864562e+00
4.434381637906868789e+00
4.436847779089044153e+00
4.412352017437217278e+00
4.403607352416096354e+00
4.442272425486778253e+00
4.436870126864563169e+00
4.436069108671818029e+00
4.435578426559905196e+00
4.399350117340943278e+00
4.233341955734434059e+00
4.210676258416583551e+00
4.210644929993586416e+00
4.210710157444918167e+00
4.210712199785550780e+00
4.312178683836135562e+00
4.415807310316377965e+00
4.395601569677260123e+00
4.412901557886081960e+00
4.401223227471791510e+00
4.398978869139535064e+00
4.387633431152785590e+00
4.351944334220920751e+00
3.898542139892179570e+00
3.465184006334335987e+00
3.376271635405116989e+00
4.002058183173413219e+00
3.958395903590859355e+00
4.218154048821689095e+00
4.721415479289656325e+00
4.721303455137625171e+00
4.721492209207361235e+00
4.721508542581152490e+00
4.721505491559756074e+00
4.721455848958798107e+00
4.721378723322431803e+00
4.721451999109810060e+00
4.721260850010259524e+00
4.721102176051730659e+00
4.721058570333509508e+00
4.721044422565413790e+00
4.720159060164216491e+00
4.718298340475112873e+00
4.719336638517044769e+00
4.720928486355307818e+00
4.721424988899697084e+00
4.720704399617157598e+00
4.720711985704935110e+00
4.721153488818555566e+00
4.721230070669402146e+00
4.721360932418861012e+00
4.721259530169294116e+00
4.720694278338465111e+00
4.719562425708185849e+00
4.716919815194335897e+00
4.718270012389778501e+00
4.718688131357846594e+00
4.709226181033646874e+00
4.629551221717469467e+00
4.474583655102813751e+00
3.633301187820594969e+00
3.774386053663963736e+00
3.953967228411456425e+00
3.648272353389917733e+00
3.520691521370323152e+00
3.478131528772265391e+00
3.556783847910722329e+00
3.636584430346105457e+00
3.979005128804683267e+00
4.721445528125101987e+00
4.721437525650603817e+00
4.721390513533391342e+00
4.721339747719794033e+00
4.721267392019670162e+00
4.720859770764185726e+00
4.720818340261750734e+00
4.719938429697561943e+00
4.720154394560791111e+00
4.720683391822091401e+00
4.717830061078084114e+00
4.717821182638983757e+00
4.714241881133954593e+00
4.657083720053356579e+00
4.679299800016687882e+00
4.685854742439968135e+00
4.719306407271915305e+00
4.719641040569395152e+00
4.719784894999156322e+00
4.719930125186082570e+00
4.720393736602583878e+00
4.718613695332254387e+00
4.721246283090241747e+00
4.721346798136867307e+00
4.721373091592439231e+00
4.721463629039170051e+00
4.721453066281549482e+00
4.721318923556268032e+00
4.721456957242005537e+00
4.721321663955885484e+00
4.721454395072925969e+00
4.721485584528577029e+00
4.721486718018928386e+00
4.721447730405845533e+00
4.721382536165433130e+00
4.721223801508537044e+00
4.721247524097850423e+00
4.721116091599705022e+00
4.720653495682568312e+00
4.720582144665214308e+00
4.710273561912839746e+00
4.719920858936280439e+00
4.721458148566443747e+00
4.721494177939996817e+00
4.721395260235483171e+00
4.720864385071442904e+00
4.721067533836369456e+00
4.721424556559474794e+00
4.721468610984439707e+00
4.721468989056984533e+00
4.721445311039025761e+00
4.721451263544658161e+00
4.721276683169386423e+00
4.721124807308068938e+00
4.720908269074754138e+00
4.720629699944043800e+00
4.720766905551451842e+00
4.719113451729009867e+00
4.720495064497851168e+00
4.720259682633987097e+00
4.719458690698298930e+00
4.716951779350917029e+00
4.720701828816646461e+00
4.720939640661714343e+00
4.721005045023449753e+00
4.720955417889178385e+00
4.720759080335615643e+00
4.719983727686313024e+00
4.719240055212432061e+00
4.718820954571793180e+00
4.718342004750142316e+00
4.718721657176609519e+00
4.717583304735936345e+00
4.721303988196164703e+00
4.721432073712960253e+00
4.721490570729340419e+00
4.721508506891338719e+00
4.721518364184619010e+00
4.721520104365066750e+00
4.721520671149611381e+00
3.043477685460330484e+00
2.932080739756416143e+00
2.688558122892289681e+00
2.867620157188828234e+00
2.991016223537106722e+00
2.956420030946503186e+00
2.968273570271833695e+00
3.056690110371360625e+00
3.004088043783878170e+00
2.991289055390623286e+00
2.904538779776005164e+00
3.004088043783878170e+00
3.004088043783878170e+00
3.096199792234759940e+00
2.974157641519298068e+00
2.924875301283921480e+00
2.931702919350952286e+00
2.947782732694510521e+00
2.952852241472851968e+00
2.937157459260124170e+00
2.951473125299520550e+00
2.937217124769001320e+00
2.958682369645806443e+00
2.607189107389844107e+00
2.748256067720065143e+00
2.817177193233278754e+00
2.912774883166012962e+00
2.811019044367895070e+00
2.657697105795831849e+00
2.834050455895424481e+00
2.856455509383309277e+00
2.821305881927147929e+00
2.890466141508083453e+00
3.015090601148432636e+00
2.979235549571189079e+00
2.831271048229019982e+00
2.912774883166012962e+00
3.059686770314562487e+00
3.052628623601992608e+00
3.346532974857533205e+00
2.343069226996613352e+00
2.216884416507556743e+00
1.954203433299238846e+00
1.937668693820575605e+00
1.936601577422533360e+00
1.936462855437944164e+00
1.936527142229738097e+00
1.936671382886617110e+00
1.936575366020053313e+00
1.936581521378605508e+00
1.936771060564756120e+00
1.936797419662825703e+00
1.937291620389150815e+00
1.939326191827444035e+00
1.943603354092351410e+00
1.938606874607358144e+00
1.939478954344975747e+00
1.944375456736502805e+00
1.943609423926702107e+00
1.947245729847003837e+00
1.957874734699029062e+00
1.950530583145287267e+00
1.944646997382046827e+00
1.948841606718813679e+00
1.943817540234100250e+00
1.991278537078851052e+00
2.095047132981215476e+00
2.122786843618287733e+00
2.010265425556663210e+00
2.157129323714954694e+00
2.279272608570675374e+00
2.346432607519759905e+00
2.371781031158811004e+00
2.370426551628121992e+00
2.373507874592928779e+00
2.372850285489336741e+00
2.373998581769531491e+00
2.359373868280403741e+00
2.385089856024563915e+00
2.364992573885320581e+00
3.245659976805665536e+00
3.257961623784601635e+00
3.174734306241540960e+00
3.246266072725972229e+00
3.234138273837456445e+00
3.236172437648178857e+00
3.230472848345825376e+00
3.239816890751689105e+00
3.277926072883752706e+00
3.241936067332044757e+00
3.244080847798118672e+00
3.349025943452931475e+00
3.312735872639549051e+00
3.508116724437642553e+00
3.477595722640116627e+00
3.320101723056933629e+00
3.197423292614325341e+00
3.265993428057837544e+00
3.160082664635200267e+00
3.264798446854142888e+00
3.238607205346488271e+00
3.179858050724447160e+00
3.181347773482278818e+00
3.175034873868057606e+00
3.198960718753473653e+00
3.251202553529307870e+00
3.359844532070925371e+00
3.319386349248347301e+00
3.337843340993543073e+00
3.311666371924864904e+00
3.234460499831641300e+00
3.240248268902801154e+00
3.250286577696555934e+00
3.255309312702572733e+00
3.255309312702572733e+00
3.239428892240393321e+00
3.280728881992147627e+00
3.270885245907225070e+00
3.223412285016987955e+00
3.263752710857580563e+00
2.396273013186236867e+00
2.389152506138831455e+00
2.386580333069305837e+00
2.384359743389786956e+00
2.362568065123777039e+00
1.963401474954203252e+00
1.958735646452460344e+00
1.938358464120832458e+00
1.938310628364757982e+00
1.938899846911311897e+00
1.941867712305183069e+00
1.963589217618598504e+00
1.988314983257402968e+00
1.941287465903067222e+00
1.938412004814277445e+00
1.938454657394240499e+00
1.941992233926038480e+00
1.952074491956891755e+00
1.950263642282058729e+00
1.961321297646433592e+00
1.948850358885038325e+00
1.943713931818400908e+00
2.077370640894764975e+00
2.049982708663410147e+00
1.959634369742290438e+00
1.942916795528824458e+00
1.937282928915074365e+00
1.936609642482304494e+00
1.936532406761950931e+00
1.936479988642733296e+00
1.936490031289151759e+00
1.936469166317901447e+00
1.936465230895673795e+00
1.936999392118853081e+00
1.936623466934888516e+00
1.936627023156119343e+00
1.938520195147336533e+00
1.937274541060521660e+00
1.936724858517196779e+00
1.936570301837753139e+00
3.281788529289986212e+00
3.218313120532914073e+00
3.972435577789709349e+00
3.351379472683873928e+00
3.627166897047957583e+00
3.598467202558479627e+00
3.586520220698856676e+00
3.166029670651254513e+00
3.628401797655832262e+00
3.699388959815653521e+00
3.537408304621708410e+00
3.679462177460689709e+00
3.626401097392235151e+00
3.622306289039946670e+00
3.622902922711084273e+00
3.624133512772956145e+00
3.633804208295692284e+00
3.623342645477267254e+00
3.620152115371018553e+00
3.620049091267169672e+00
3.620044796387296593e+00
3.620055140805709115e+00
3.620071833225726010e+00
3.620156148754818837e+00
3.620112867212687213e+00
3.620105239818340870e+00
3.620045857508929821e+00
3.620093229487660658e+00
3.620862162652350058e+00
3.623654277863348483e+00
3.627694820590262381e+00
3.635844385617342134e+00
3.643011993624983624e+00
3.654924420605146551e+00
3.675076555183162341e+00
3.771236823206353783e+00
3.684892380244389365e+00
3.650424191184244549e+00
3.620805165494254574e+00
3.620086163983166294e+00
8.704506516175909425e-01
8.024203278083619217e-01
7.619769202937779484e-01
7.798287009808584358e-01
7.824681751705622190e-01
8.072401866522691538e-01
7.942512168439970210e-01
8.037048817504692799e-01
8.279523182502437351e-01
8.292295045890381022e-01
8.367258260385801449e-01
8.292295045890381022e-01
8.356246175218098315e-01
8.334528859958227898e-01
8.597330378082985725e-01
8.423892065952389707e-01
8.292295045890381022e-01
8.292295045890381022e-01
8.292295045890381022e-01
8.211341661534072855e-01
8.076757814810766600e-01
7.969554389262913929e-01
8.166876402474383401e-01
8.166876402474383401e-01
7.913225130065641988e-01
8.325736240812009470e-01
8.338027256710986990e-01
8.363009089373520943e-01
8.050831209259488030e-01
8.292295045890381022e-01
8.292295045890381022e-01
8.400919901653871591e-01
8.953062969738168064e-01
8.953062969738168064e-01
8.853534839918810739e-01
8.512971896249823534e-01
8.885827751497101801e-01
8.397474615865609948e-01
8.583339562120499977e-01
8.363009089373520943e-01
1.058211890137732869e+00
1.058211890137732869e+00
1.058211890137732869e+00
1.058211890137732869e+00
1.058211890137732869e+00
1.058211890137732869e+00
1.058211890137732869e+00
1.058211890137732869e+00
1.058211890137732869e+00
1.058211890137732869e+00
1.058211890137732869e+00
1.041134351225581955e+00
1.000337564831743631e+00
1.058211890137732869e+00
1.058211890137732869e+00
1.058211890137732869e+00
1.058211890137732869e+00
9.974569815778084880e-01
9.985327047687073687e-01
9.987734743461889053e-01
9.991615680374377195e-01
1.058211890137732869e+00
1.058211890137732869e+00
1.058211890137732869e+00
1.058211890137732869e+00
1.058211890137732869e+00
1.058211890137732869e+00
1.058211890137732869e+00
1.058211890137732869e+00
1.058211890137732869e+00
1.058211890137732869e+00
1.005531168541877296e+00
1.039895553503388470e+00
1.058211890137732869e+00
1.058211890137732869e+00
1.058211890137732869e+00
1.058211890137732869e+00
1.058211890137732869e+00
1.058211890137732869e+00
1.058211890137732869e+00
3.733591882769899506e+00
3.800806088622935341e+00
3.758042498383252994e+00
3.790043715400650548e+00
3.546461762172051113e+00
3.618314141261354866e+00
3.653518731588405011e+00
3.436782249244589416e+00
3.582398362050308371e+00
3.745649709687561391e+00
3.786185262037307098e+00
3.821412788198048638e+00
3.819330605011119317e+00
3.818572866384545961e+00
3.818295383367926732e+00
3.812605980714534049e+00
3.814648655753781981e+00
3.808999054336779544e+00
3.801653076900581851e+00
3.803949849605382738e+00
3.799617566075133901e+00
3.810596558905609221e+00
3.813819320368941668e+00
3.816580433330811317e+00
3.813157565550866934e+00
3.815126519171044173e+00
3.817218294026700320e+00
3.819822859645531921e+00
3.822612891205677599e+00
3.830255058700594795e+00
3.884644107180232453e+00
3.946868331384324691e+00
4.236524887359201408e+00
4.538711187843819772e+00
4.720098437995562612e+00
4.813009589415909950e+00
4.788368640054240899e+00
4.696851247981243205e+00
3.896970279172609075e+00
4.108203276006559435e+00
9.399809815564534876e-01
8.781612374430973755e-01
8.530636379787321921e-01
8.841133657115642919e-01
8.912559269312507748e-01
9.122701827525923068e-01
8.873059130683245144e-01
8.793507173552539413e-01
8.873059130683245144e-01
8.873059130683245144e-01
9.037834443295247322e-01
8.115886897931283706e-01
8.105233769888395834e-01
9.047515214364476588e-01
9.047515214364476588e-01
9.061419338999932016e-01
9.542621047514869836e-01
9.506370608713781145e-01
1.021825767089701742e+00
9.418512858359944229e-01
9.856856021218332042e-01
9.920845784649627852e-01
1.117208597383484658e+00
1.127004425417647893e+00
1.021825767089701742e+00
9.707836077766418548e-01
9.122822866601327796e-01
1.127004425417647893e+00
1.021825767089701742e+00
1.197508396176963696e+00
9.755600985088910271e-01
9.229067959856673831e-01
9.593296766402927833e-01
9.514895910968632631e-01
1.051664623680360622e+00
1.051664623680360622e+00
1.136201875725017629e+00
1.051664623680360622e+00
1.051664623680360622e+00
1.051664623680360622e+00
2.737116172222908705e+00
2.730808099157123525e+00
2.730808099157123525e+00
2.612465120271844299e+00
2.740047225597058933e+00
2.629051909470323523e+00
2.566272275191741059e+00
2.631355640974756938e+00
2.602263367429132224e+00
2.881615997819060304e+00
2.903688899567978154e+00
2.986208570381378546e+00
2.962130283082359039e+00
3.158724586527603240e+00
2.930921507299629525e+00
3.121975689053566150e+00
3.121975689053566150e+00
3.121975689053566150e+00
3.090378294638916223e+00
3.007465080096033638e+00
2.856334515182948675e+00
2.948977780795012826e+00
2.918752677156964292e+00
2.875334804133508726e+00
3.121975689053566150e+00
3.124669777456019926e+00
3.223937882254001241e+00
3.251689578249563173e+00
3.251689578249563173e+00
3.269167524367755817e+00
3.374622740751914929e+00
3.100599801951819501e+00
3.102080770231463891e+00
2.655554990423572903e+00
2.804053525562081983e+00
2.523225935967675415e+00
2.675384449907692197e+00
2.644922262049546724e+00
2.559989212187825380e+00
2.559885965866245172e+00
4.087955819163932247e+00
3.880150708763295597e+00
3.817856973311153368e+00
3.845087696462108795e+00
3.823307957624066944e+00
3.821690673648777015e+00
3.820795466654397288e+00
3.821123357348307437e+00
3.819244653615800011e+00
3.818451790065489959e+00
3.820491998804973477e+00
3.817905505441572700e+00
3.817087093385802987e+00
3.806813923172993164e+00
3.497936103233604932e+00
3.128186632400585587e+00
3.816796690178166251e+00
4.205069249134838039e+00
4.210838450383015186e+00
4.210878637683579839e+00
4.210835720424934259e+00
4.210156347527870047e+00
4.208421975523174652e+00
4.208926506119431643e+00
4.209287769254181910e+00
4.211141031793602885e+00
4.209856440498207952e+00
4.212648594229699839e+00
4.220508269980586924e+00
4.252283453930944646e+00
4.244935285104287637e+00
4.214943202949887890e+00
4.228501072147052398e+00
4.288456812059227019e+00
4.372906005459511469e+00
4.346418579103545454e+00
4.532367538915393013e+00
4.217427773780326739e+00
4.702478647458687711e+00
4.600534342803761945e+00
