4.982868613204674446e+00
5.013346281896555290e+00
5.018001750013219464e+00
5.013168271263302778e+00
4.988586813187464664e+00
4.999429640812785181e+00
4.974813273164977012e+00
4.992129222259750421e+00
4.998651661715761918e+00
4.997592427421680306e+00
4.994817367103959960e+00
4.993369021279812081e+00
4.955129197241457284e+00
4.945744088559520080e+00
4.954998502290984597e+00
4.915774719882728405e+00
4.910811739423373901e+00
4.920679792189853963e+00
4.887092163941009204e+00
4.881182418817918034e+00
4.894449637237916484e+00
4.929138360851206713e+00
4.965697995859639668e+00
4.949323370205630290e+00
4.953954989501846207e+00
4.922059651760279486e+00
4.953178656650887746e+00
4.958053955375985922e+00
4.929266000134571613e+00
4.965434028454373205e+00
4.955650969442790377e+00
4.940392820029141596e+00
4.911061067028065885e+00
4.925340934744169452e+00
4.966981215474072009e+00
4.983942603901167168e+00
4.963773008336210601e+00
4.945453407306151128e+00
4.928924282242694410e+00
4.954931449814893973e+00
3.958465756957590287e+00
3.957076352872947567e+00
3.958909877725476534e+00
3.963846177198608878e+00
3.973442443304415761e+00
3.974684035951795202e+00
3.970119487910322320e+00
3.970171872966451687e+00
3.973470641309374329e+00
3.978072688510074340e+00
3.983800399562625216e+00
3.994305838594671254e+00
3.997971459566501018e+00
4.005080461161320216e+00
4.002365053651087301e+00
4.009479082601296263e+00
4.032088915546202301e+00
4.030396209886398573e+00
4.009690091658501210e+00
3.995918875207349341e+00
3.984952240680016189e+00
3.978026657314739367e+00
3.974994915045052757e+00
3.971018969071241855e+00
3.971885436392375013e+00
3.971726133098680389e+00
3.973677173606438906e+00
3.975950933620559180e+00
3.978757830796052275e+00
3.978999982424346715e+00
3.978473424350546850e+00
3.979444083436781465e+00
3.982483451871240199e+00
3.985082621861399499e+00
3.989133582896024155e+00
3.987390272725654938e+00
3.984976393848556064e+00
3.950180058923856485e+00
3.789347114117885162e+00
3.284084154419337764e+00
3.087327133720863870e+00
2.938252369281847631e+00
2.893763902282409539e+00
2.871823113571170261e+00
2.901355289556252881e+00
2.901355289556252881e+00
2.967658009233480332e+00
3.030400442477876766e+00
2.982250466887200080e+00
3.004486041486976511e+00
2.946317238371833014e+00
2.945546583443295674e+00
2.975512819232733364e+00
2.967471826165449134e+00
2.928629220244145515e+00
2.948326250629989875e+00
2.911450230880591405e+00
2.906667578904925442e+00
2.953025500065654896e+00
2.966901020224168573e+00
3.004876434558968690e+00
2.940775250561387999e+00
2.988016171205912119e+00
2.950813154042626341e+00
2.905950166584271521e+00
2.885295512695894793e+00
2.918697867159874448e+00
2.979352283053849249e+00
2.975145335161800908e+00
2.986654367183009029e+00
3.009135542251934137e+00
3.105499296163741096e+00
3.075867229272136960e+00
3.074189194260696478e+00
3.072966862017143086e+00
3.070914876854864417e+00
2.997112207118419747e+00
2.886968019814422082e+00
2.828581018774652289e+00
2.706619262189686292e+00
2.183935763565365562e+00
2.135682238583671122e+00
2.132168213268756052e+00
2.116096008712955445e+00
2.085753617840912177e+00
2.063914394930206342e+00
2.016768691011930681e+00
2.016611430820756112e+00
2.019891255199694591e+00
2.026642661281258029e+00
2.000889685152589248e+00
1.993215801484857330e+00
1.998950920727900815e+00
2.007562049805792892e+00
1.984591252330545341e+00
1.975146906361197052e+00
1.958312471898721263e+00
1.907982579336527706e+00
1.885470182314666454e+00
1.897114119361388074e+00
1.899348734662666960e+00
1.902646001867321468e+00
1.922810208782522512e+00
1.912923045338904782e+00
1.958833248517577674e+00
2.010124235986030072e+00
1.955801587871909941e+00
1.992949958035572289e+00
1.993502552171515285e+00
2.002568323204501954e+00
2.086395417094436322e+00
2.110521705741470022e+00
2.177075436044789036e+00
2.193202770740919405e+00
2.255168427205699988e+00
2.145836878653948343e+00
2.006837982123340858e+00
1.906295167454481909e+00
1.905330913955741057e+00
1.839186256359135463e+00
1.610591973477612626e+00
1.275183210639843523e+00
1.156235075418606595e+00
1.102613643159838341e+00
1.017606548855440218e+00
1.017606548855440218e+00
1.017606548855440218e+00
1.017606548855440218e+00
1.017606548855440218e+00
1.057960894346496206e+00
1.153718121244466044e+00
1.153718121244466044e+00
1.153718121244466044e+00
1.153718121244466044e+00
1.044450011336477191e+00
9.411751378518083966e-01
9.706787828409423335e-01
1.018711737255114658e+00
1.018711737255114658e+00
1.018711737255114658e+00
1.018711737255114658e+00
1.018711737255114658e+00
1.014202783004550357e+00
1.015553179235515247e+00
9.964384311696414809e-01
1.004370750534838708e+00
1.018711737255114658e+00
1.018259893611609401e+00
1.018711737255114658e+00
1.015102819197833961e+00
9.964384311696414809e-01
9.964384311696414809e-01
9.964384311696414809e-01
9.964384311696414809e-01
1.125632748636903324e+00
1.136964012238201205e+00
1.145314048158804443e+00
1.275882956078093322e+00
1.265117180952753717e+00
1.141555257986808014e+00
