5.015347576445333466e+00
5.023617563528786079e+00
5.010975120733458077e+00
5.005643586136940826e+00
5.000982573994928515e+00
4.999817905146032082e+00
4.978370042261859751e+00
5.002387925180857842e+00
5.014425931197379782e+00
5.017011242840812457e+00
5.016316268842008874e+00
5.012189539146419293e+00
4.962709108225722865e+00
4.943788385428495857e+00
4.980746080131106091e+00
4.942770234196881773e+00
4.937038666140765919e+00
4.946047043169645718e+00
4.888655123554244142e+00
4.881500375361017774e+00
4.911275918392773221e+00
4.952730125096532987e+00
4.993503070843845038e+00
4.980111857969779621e+00
4.995611440493362032e+00
4.953216911125100097e+00
4.981816053804473121e+00
4.971445522890430624e+00
4.942148486265364404e+00
4.974735819550375027e+00
4.971091892149025249e+00
4.961487608127344018e+00
4.929195562304871991e+00
4.944130161824072722e+00
5.002619301338511626e+00
5.017662360008595002e+00
4.980171779977839996e+00
4.975527712493431842e+00
4.957994294598213614e+00
4.986032843784323099e+00
4.027151864140342319e+00
4.028185779502746477e+00
4.024556879497596107e+00
4.018310505896041107e+00
4.012480568359354294e+00
4.007978800725836344e+00
3.985772334581662690e+00
3.984327576013376948e+00
4.012084002716382436e+00
4.027831314066101065e+00
4.028304456606544015e+00
4.008785507922508984e+00
3.989523669679217122e+00
3.976213711559113850e+00
3.964002379247768548e+00
3.992766548062190335e+00
4.001462063794628321e+00
4.000776824562142231e+00
4.002067327486341419e+00
4.021349573177252168e+00
4.026174279780014409e+00
4.023704944829237462e+00
4.017043126310325896e+00
4.004943784384429328e+00
4.000065763803969610e+00
4.005377463438594354e+00
4.009168989448830267e+00
3.993509625924493545e+00
4.005590801587730176e+00
4.006282696387551745e+00
4.004915628432340391e+00
4.015162138274786408e+00
4.024422581863959181e+00
4.025654415360204297e+00
4.019633620998039447e+00
4.006246144621453453e+00
3.963307405001450956e+00
3.826974277651079337e+00
3.754367132357325332e+00
3.624699710296583444e+00
3.154982608265076038e+00
3.045909475724462467e+00
2.999713494083410037e+00
2.978496800113026755e+00
3.003724761347377648e+00
3.003724761347377648e+00
3.028620541057091664e+00
3.067652855762537545e+00
3.011363279715713048e+00
2.992682743017754277e+00
2.944265325597366534e+00
2.996112765074813389e+00
3.021896148379284774e+00
3.015029264372843798e+00
2.981334452966215576e+00
2.998526106360152266e+00
2.965212717241583196e+00
2.922863884188234174e+00
2.946895906222749328e+00
2.939756055814829683e+00
3.009899397452114211e+00
2.951955092965027561e+00
2.973264226978488356e+00
2.929539603712984164e+00
2.910877165217111706e+00
2.923802923881393401e+00
2.961978361036253116e+00
3.027504861065340780e+00
3.019389682239673078e+00
3.101396834909232680e+00
3.116583676510456868e+00
3.205177965772915805e+00
3.151056036063230703e+00
3.143124652373991523e+00
3.144905994433148777e+00
3.137317093342508301e+00
3.049354625713761369e+00
2.935978607594457834e+00
2.888924283378057289e+00
2.803316292130384024e+00
2.110788266223008414e+00
2.050102219617641719e+00
2.042284241618735674e+00
2.045307602926419221e+00
2.027785509927515939e+00
2.020865999860248508e+00
2.010694111516651450e+00
2.013311527693067760e+00
2.029447970324701700e+00
2.052788015521490372e+00
2.014105314291945614e+00
2.009306848825438863e+00
2.006682870130388263e+00
2.029289106672913068e+00
2.013096029887003091e+00
2.014339594723518090e+00
1.992909678645194527e+00
1.966844151731817369e+00
1.963859802257805320e+00
1.965382884558629861e+00
1.975156752042874331e+00
1.965453451447479960e+00
1.995071237805411402e+00
1.984221285371875254e+00
2.014113428359382230e+00
2.033088385063981374e+00
1.888667224893070262e+00
1.976332172735884685e+00
1.961346702178898616e+00
1.941025598010243769e+00
2.008701905676076205e+00
2.012264109602250883e+00
2.059638811779652912e+00
2.063726535025152575e+00
2.135220614330941569e+00
2.050550041679904734e+00
2.041563108802460391e+00
1.990951954902859811e+00
1.991435546084949548e+00
1.935482933139648365e+00
1.683109157010494794e+00
1.323638418362105718e+00
1.198105487808992287e+00
1.142600327426224638e+00
1.056615752035146016e+00
1.056615752035146016e+00
1.056615752035146016e+00
1.056615752035146016e+00
1.056615752035146016e+00
1.081740254984536076e+00
1.143588864476855704e+00
1.143588864476855704e+00
1.143588864476855704e+00
1.143588864476855704e+00
1.073247389429484056e+00
9.819549665444130548e-01
9.825330294857699265e-01
1.013923942835220693e+00
1.013923942835220693e+00
1.013923942835220693e+00
1.013923942835220693e+00
1.013923942835220693e+00
1.003664365375285694e+00
1.006742818321083810e+00
9.627827391474886864e-01
9.811172105542284028e-01
1.013923942835220693e+00
1.012898366212666712e+00
1.013923942835220693e+00
1.005716683207290574e+00
9.627827391474886864e-01
9.627827391474886864e-01
9.627827391474886864e-01
9.627827391474886864e-01
1.019025833842847062e+00
1.023801833143498152e+00
1.029179309514102636e+00
1.114090663128897152e+00
1.104030253722571464e+00
9.935355877311877748e-01
