3.300791074424883842e+00
3.368206928111586507e+00
3.366086772741563760e+00
3.439697117996956877e+00
3.638640529679149971e+00
3.214945199215049509e+00
3.149367736006497331e+00
3.072213110154836890e+00
2.455098116250352458e+00
2.878163926373309867e+00
2.770181575662146400e+00
2.879832029139556493e+00
2.879832029139556493e+00
2.629018144570937743e+00
2.487218169888527175e+00
2.512757835214110003e+00
2.676467324635921408e+00
2.721715320894334766e+00
2.744442181456531404e+00
2.707550361560987273e+00
2.744432660942005775e+00
2.835101680277448022e+00
2.884325792218330076e+00
2.957158902167168257e+00
2.917007508563663087e+00
2.921634705854161851e+00
2.918586645892581988e+00
2.922155931145252072e+00
2.944959458006600528e+00
2.966624463621170715e+00
2.985191172064102005e+00
2.964313898532339397e+00
2.935834181329161297e+00
2.882280123680415418e+00
2.890932967817585464e+00
2.902748675438592496e+00
2.796516269364424101e+00
2.772781903864597108e+00
2.506002701703788915e+00
2.402374667925303076e+00
2.478999345187020253e+00
2.516110433006537583e+00
2.515058906356036683e+00
2.470531043621543077e+00
2.391724025370063345e+00
2.372391849879732284e+00
2.495329721304957449e+00
2.682166989309213267e+00
2.752848277561626311e+00
2.709004987861853397e+00
2.745038193938478255e+00
2.752037336630291264e+00
2.794959126263564908e+00
2.825583344805752350e+00
2.780513404762457785e+00
2.816740558570542508e+00
2.776554475739814176e+00
2.820772677173351450e+00
2.793402891893334239e+00
2.832491504151207096e+00
2.795634589838875694e+00
2.740593393440931447e+00
2.615466910416184287e+00
2.641747991528443862e+00
2.704605255360727156e+00
2.695407682777175573e+00
2.689222685835913840e+00
2.585688540294859283e+00
2.664140517229431460e+00
2.404863431092464143e+00
2.447448395932539711e+00
2.324246894740952918e+00
2.527747718558420953e+00
2.360181319584381043e+00
2.255943036878061303e+00
2.499891642047872065e+00
2.641081090505412732e+00
2.966611276945099185e+00
3.317205435404813940e+00
3.470700354446264679e+00
4.539204214528029802e+00
3.748015273626517097e+00
3.385526450795826037e+00
3.144835250240627378e+00
3.047290258222438375e+00
3.016319883502179611e+00
2.960491678336764743e+00
3.044654405595815572e+00
3.148187895353097510e+00
3.249093173719776573e+00
3.201686785779158662e+00
3.195380819555139418e+00
3.295392205571463062e+00
3.481180352176359349e+00
3.497763499619267247e+00
4.034698135369112926e+00
4.641362184025703108e+00
4.673691704654822310e+00
3.688755852191119899e+00
3.803645259113120236e+00
4.107593635070819538e+00
4.324478317165883823e+00
4.451209488429091365e+00
4.365283651031857559e+00
4.201595304058177938e+00
4.201595304058177938e+00
3.559714523000354180e+00
3.548118609977257698e+00
3.548118609977257698e+00
3.787836028984883807e+00
3.548118609977257698e+00
4.428801596915034722e+00
4.671440339659803875e+00
4.671440339659803875e+00
4.671440339659803875e+00
4.671440339659803875e+00
4.671440339659803875e+00
4.671440339659803875e+00
4.671440339659803875e+00
4.617064572399574907e+00
2.584149379873259988e+00
2.497063125661936223e+00
2.528375085601560990e+00
2.489903427483890930e+00
2.474901716216704184e+00
2.471170669758242955e+00
2.408115488813132199e+00
2.346252620766406505e+00
2.589475730215542892e+00
2.856487884797399346e+00
3.300948950541501059e+00
3.598338733657509003e+00
3.688440321647611153e+00
4.291591825315198783e+00
4.374528277084002603e+00
4.374528277084002603e+00
4.258873934045294796e+00
3.577971212527615741e+00
3.590607327028403351e+00
4.300255284636227415e+00
4.427158713661377476e+00
4.427158713661377476e+00
4.427158713661377476e+00
4.427158713661377476e+00
4.427158713661377476e+00
4.427158713661377476e+00
4.427158713661377476e+00
4.427158713661377476e+00
4.427158713661377476e+00
4.427158713661377476e+00
4.427158713661377476e+00
4.427158713661377476e+00
4.427158713661377476e+00
4.427158713661377476e+00
4.427158713661377476e+00
3.921143670738848286e+00
3.938508817897834025e+00
3.555669277742290024e+00
3.208106199605501807e+00
3.362470421366754003e+00
2.948309646285739660e+00
2.985289410668492849e+00
3.034005131421114054e+00
3.572790729546269084e+00
3.015977581961820864e+00
2.567877311188696776e+00
2.716338997938398947e+00
2.567877311188696776e+00
2.567877311188696776e+00
2.713583275070550638e+00
2.323075958877192537e+00
2.454309890493567625e+00
2.635255262516349894e+00
2.645613851237276659e+00
2.645613851237276659e+00
2.645613851237276659e+00
2.645613851237276659e+00
2.645613851237276659e+00
2.645613851237276659e+00
2.638703944092642306e+00
2.904220440777626866e+00
2.767901029271873981e+00
2.684804300106667707e+00
2.581940390276947994e+00
2.664429320347089014e+00
2.814549445145416495e+00
2.833702972696071853e+00
2.995580967754259305e+00
2.956869364478480922e+00
2.930362902357187771e+00
2.933416246728733245e+00
2.904025144996006169e+00
2.840383910190783290e+00
2.931527293807027590e+00
2.815338463458801677e+00
2.724228610993846278e+00
2.621111043302629895e+00
2.401662560230340748e+00
2.188970425889623872e+00
2.036181364711478814e+00
