4.958170021327847010e+00
4.988432938001612804e+00
4.985178567465113453e+00
4.980136896026969850e+00
4.978506779711669772e+00
4.989098513087239617e+00
4.971508752691471855e+00
4.988340253083531906e+00
4.997181028427107208e+00
4.996157440931908056e+00
4.993858178829619021e+00
4.992872936076821588e+00
4.962181454711183548e+00
4.953248446426546714e+00
4.962947069843697712e+00
4.928215601131099355e+00
4.917707726801464396e+00
4.928032286718534216e+00
4.898310192281188691e+00
4.893808248272821793e+00
4.897893597095766438e+00
4.922433714498551716e+00
4.950936692968971542e+00
4.939957523815090568e+00
4.947088133610274774e+00
4.920880754026554449e+00
4.949300245130139331e+00
4.953340202164026707e+00
4.925919957592008736e+00
4.952366727229398968e+00
4.941022004040876325e+00
4.935613699443517355e+00
4.912519136898040983e+00
4.915113068553987219e+00
4.946560470823081701e+00
4.962574259343656813e+00
4.946991099447648921e+00
4.940048109086442096e+00
4.926216521545235594e+00
4.941178278675006474e+00
3.948705035538991215e+00
3.944959608083202340e+00
3.944520055515473800e+00
3.949415944817683766e+00
3.960045859369519583e+00
3.963504902090858373e+00
3.962729727269189262e+00
3.962481431527529629e+00
3.977680413930812620e+00
3.995168253680945192e+00
4.012958630533921323e+00
4.058327694939260155e+00
4.087225544964306678e+00
4.083572055104254694e+00
4.081851754362223694e+00
4.067082854437279238e+00
4.049169897582013178e+00
4.050485270789217829e+00
4.034133136223664984e+00
4.008046623598088054e+00
3.996467900583182686e+00
3.981521298294949496e+00
3.981806973706187858e+00
3.981189318871763305e+00
3.976062086110268012e+00
3.975203703901531327e+00
3.971472369396981339e+00
3.966216033136451102e+00
3.968935668715320997e+00
3.969827937772311355e+00
3.967437172640652321e+00
3.970053868738189884e+00
3.973118669191604724e+00
3.974946981579288607e+00
3.981403451945454641e+00
3.987369672996555536e+00
4.010699589162380008e+00
4.039981828403512942e+00
3.959134511713858995e+00
3.700261857000259447e+00
3.178247182728183517e+00
3.041288265310120309e+00
2.960083850567607477e+00
2.937413154828373063e+00
2.964837304353851621e+00
2.964837304353851621e+00
2.998963033719356019e+00
3.047011348359771166e+00
2.988552362359803816e+00
2.980711133251905398e+00
2.925576041435138386e+00
2.966694958720213382e+00
2.995271076189541581e+00
2.987626311281194269e+00
2.950456972394547961e+00
2.969355676525004650e+00
2.934076403665550448e+00
2.928829028040957905e+00
2.966728150806270836e+00
2.953536690078957250e+00
2.997559581348193447e+00
2.933089661573176965e+00
2.946054714148361064e+00
2.902903801180759302e+00
2.880915315944969635e+00
2.890092305154779773e+00
2.924339706849137244e+00
2.984955347541673021e+00
2.973771788566927921e+00
3.040513527550803730e+00
3.061197480318132769e+00
3.141235123792987860e+00
3.084655664058018054e+00
3.076455501794290726e+00
3.078837408874163462e+00
3.077930138450461151e+00
3.005627119053898788e+00
2.923681853527682506e+00
2.880338161500178629e+00
2.770910872959617244e+00
2.129849080748820178e+00
2.090562676118847385e+00
2.093885322880800093e+00
2.093178446215665289e+00
2.069775555728938343e+00
2.058518363385203553e+00
2.024153870257360044e+00
2.028325262431519338e+00
2.040151055241012035e+00
2.050242347884210670e+00
2.020799792318261900e+00
2.013085150832509385e+00
2.015896376255751132e+00
2.025139199713419824e+00
1.999426428743144690e+00
1.991295721511860961e+00
1.967345550358988948e+00
1.922683446557573728e+00
1.898644072469282573e+00
1.918970258047017818e+00
1.932679704587818126e+00
1.961142042917444872e+00
1.975246436171614217e+00
1.968448688117109491e+00
2.012987697607727000e+00
2.048664746518805480e+00
2.013133362742046462e+00
2.016594908410168419e+00
2.013880328537660969e+00
2.011605605254159101e+00
2.057964542430612553e+00
2.065531707883159651e+00
2.108779056160089205e+00
2.125716504337969770e+00
2.160571994846881339e+00
2.085500896572200169e+00
2.009481646817842027e+00
1.944092339404319691e+00
1.941448574797576931e+00
1.897348206002439142e+00
1.613184512293965422e+00
1.249549088471807901e+00
1.129243567251648095e+00
1.077413984089846899e+00
9.989104853447462462e-01
9.989104853447462462e-01
9.989104853447462462e-01
9.989104853447462462e-01
9.989104853447462462e-01
1.031895874899049437e+00
1.113946814275401431e+00
1.113946814275401431e+00
1.113946814275401431e+00
1.113946814275401431e+00
1.020725621551138884e+00
9.325782250250859162e-01
9.517987617779686271e-01
9.909261166758264183e-01
9.909261166758264183e-01
9.909261166758264183e-01
9.909261166758264183e-01
9.909261166758264183e-01
9.920017125846860573e-01
9.916751097746152599e-01
9.966525866283411084e-01
9.944944521672287596e-01
9.909261166758264183e-01
9.910319790741375368e-01
9.909261166758264183e-01
9.917836082587501156e-01
9.966525866283411084e-01
9.966525866283411084e-01
9.966525866283411084e-01
9.966525866283411084e-01
1.076507106641248601e+00
1.083718388806079513e+00
1.090849163060124027e+00
1.204073177332030120e+00
1.194475657930618162e+00
1.086289948966966401e+00
