4.583687775278997734e+00
4.556004813001083953e+00
4.554892788012172566e+00
4.580209317235583555e+00
4.708415076712792136e+00
4.626983384094812024e+00
4.633276291648628309e+00
4.548824333419077881e+00
4.549548645189637419e+00
4.669689552437581881e+00
4.812497848053951088e+00
4.857077174795379371e+00
4.903050804556992048e+00
4.897247785982876245e+00
4.919102114891417799e+00
4.810321333569999247e+00
4.837447207295404006e+00
4.938411300052899300e+00
4.963725646368321698e+00
4.707361882560063826e+00
4.677743697426446801e+00
4.603113918901333257e+00
4.548837167490209055e+00
4.548595543351948045e+00
4.548125214799381588e+00
4.547572004508296573e+00
4.546671798713984636e+00
4.548305489644585364e+00
4.547787530453589078e+00
4.547655443893173555e+00
4.547467075669501924e+00
4.539728624429784531e+00
4.525313424864282119e+00
4.537619042556618965e+00
4.551211578267964519e+00
4.550008815297279519e+00
4.557652350390224427e+00
4.550162107803426004e+00
4.556062922869063669e+00
4.561164967274391913e+00
2.099262645156760865e+00
2.479683764385372413e+00
2.242663551637260611e+00
2.276554611828833785e+00
2.219871186267198482e+00
2.185224955630334254e+00
2.179810024625495224e+00
2.179797397242216661e+00
2.179798268287609808e+00
2.179797133090998873e+00
2.179798298787433808e+00
2.179795586295479204e+00
2.179795542353136995e+00
2.179795542083467819e+00
2.179795544297086884e+00
2.179795542435874811e+00
2.179795567308656423e+00
2.179795586826771547e+00
2.179795551995433733e+00
2.180206959613822271e+00
2.186511058253019613e+00
2.288100304098239057e+00
2.522116678755015329e+00
2.371520405599635506e+00
2.281585277586352323e+00
2.433426912241137607e+00
2.529390188123735062e+00
2.529136497796142358e+00
2.502075469814676101e+00
2.208007720423917242e+00
2.204029843971382352e+00
2.180243725743880479e+00
2.180049834280791465e+00
2.400378836469616584e+00
2.370443014383623925e+00
2.191967203327639613e+00
2.179966471838286513e+00
2.179247947241330863e+00
2.183596232390731640e+00
2.183788860903045581e+00
2.106474982125050133e+00
2.270204730744130650e+00
2.264160098781467845e+00
2.220743208515363776e+00
2.157701393340309082e+00
2.121304867502805447e+00
2.104784679005091697e+00
2.102078791996294882e+00
2.101333168775884275e+00
2.101326543629722821e+00
2.100507092832492262e+00
2.095096679065904244e+00
2.097801015297140026e+00
2.098671956823992879e+00
2.098618644019417001e+00
2.076108318945903530e+00
2.100085062778624057e+00
2.101798051773652976e+00
2.101232006558444443e+00
2.101515561697771872e+00
2.102176971627694346e+00
2.123662284614963980e+00
2.158621085029248654e+00
2.237757129950167290e+00
2.365971652173068485e+00
2.200484529453437865e+00
2.195543098473061061e+00
2.090751098680686759e+00
2.082114835087598870e+00
2.092788042684531558e+00
2.056267518541891270e+00
1.955761950355469292e+00
2.462837580468860921e+00
2.075849175002348890e+00
1.750549007299938786e+00
1.699916201540560667e+00
1.752419837683773185e+00
1.745959014145644250e+00
1.741984046664131647e+00
1.742159485117615869e+00
3.924857681862978787e+00
3.924862013376072323e+00
3.924865360348435583e+00
3.924862428924984936e+00
3.924857247022045303e+00
3.924862921325915188e+00
3.924867003712161129e+00
3.924864263911099993e+00
3.924867676785341875e+00
3.924871843331398491e+00
3.924873219557268644e+00
3.924873320757386264e+00
3.924873345030719385e+00
3.924873343696562600e+00
3.924873345226062238e+00
3.924873396414539695e+00
3.924873397913664519e+00
3.924873398981499673e+00
3.924873378957491443e+00
3.924873225299644997e+00
3.924873144020734728e+00
3.924873187138409936e+00
3.924873316810099322e+00
3.924872545713411931e+00
3.924849270992478267e+00
3.924785991302131016e+00
3.924748410853538871e+00
3.924768421422623277e+00
3.924648280513696186e+00
3.924381909987281869e+00
3.924028109547715193e+00
3.921422114021994698e+00
3.909195457072184965e+00
3.906897137160774580e+00
3.922490300500104610e+00
3.923141521100957707e+00
3.922614146296609317e+00
3.922101291735159201e+00
3.922889844795915515e+00
3.924728992988034015e+00
2.972583390343371157e+00
2.958630507847213487e+00
2.953269630408279056e+00
2.968483454899732088e+00
2.967874693962089694e+00
2.968116172271933806e+00
2.952244657025530294e+00
2.973994431915403247e+00
2.972073436206281283e+00
2.951073620300395994e+00
2.954254508761209763e+00
2.967399389466488291e+00
2.949238504010150308e+00
2.958511740124346368e+00
2.931300285821226481e+00
2.898856638636052363e+00
2.909806522433106224e+00
2.939906141233543657e+00
2.952269608923738353e+00
2.969460903706687027e+00
2.960130743106675233e+00
2.960330957324110557e+00
2.951709318730920018e+00
2.949036076277062435e+00
2.945508979110058156e+00
2.953833859920272698e+00
2.975171598594328337e+00
2.895552543447857730e+00
2.825431109812932995e+00
2.878480153024157495e+00
2.935226934952428923e+00
2.870702458277015978e+00
2.801739981321005324e+00
2.920139689341473499e+00
2.985083758340447257e+00
2.950880902958186169e+00
2.779934076324611425e+00
2.867551377756945463e+00
2.859312091207500295e+00
2.956102483935662661e+00
1.473631756838180928e+00
1.601133246586199821e+00
1.603616345455373571e+00
1.616851019662243205e+00
1.616851019662243205e+00
1.616851019662243205e+00
1.636027307288044019e+00
1.655869220697684607e+00
1.655869220697684607e+00
1.661038424194442920e+00
1.721529976938721784e+00
1.735794846756574916e+00
2.319676979311236842e+00
2.108349447170814628e+00
1.984085237056907758e+00
2.111021452713018220e+00
1.760345375790330458e+00
2.009088819184523089e+00
2.322031655469659395e+00
2.324365241362117196e+00
2.000213266023989078e+00
1.681227463728692362e+00
1.721529976938721784e+00
1.721529976938721784e+00
1.721529976938721784e+00
1.721529976938721784e+00
1.721529976938721784e+00
1.721529976938721784e+00
1.721529976938721784e+00
1.721529976938721784e+00
1.721529976938721784e+00
1.708643559376416432e+00
1.837976137487863593e+00
1.971454930481546519e+00
1.766614210735810708e+00
1.721529976938721784e+00
1.774810969138842509e+00
1.721529976938721784e+00
1.743209638594357402e+00
2.064820986672153857e+00
2.101642013762261119e+00
2.105553993941732926e+00
2.106146101572955232e+00
2.117083380000458259e+00
2.117973221519367399e+00
2.105219356057999924e+00
2.102670955309097423e+00
2.124593171112707068e+00
2.120959560054190618e+00
2.173891567995423380e+00
2.239586212500796591e+00
2.130748058134691814e+00
2.118607721893382312e+00
2.109269863161892467e+00
2.102043632079674929e+00
2.101653830030039583e+00
2.101763357538700028e+00
2.101347043979783891e+00
2.101322553042916930e+00
2.101277879409967575e+00
2.101289685779133443e+00
2.100945378900481941e+00
2.098963220349863157e+00
2.098839548486719053e+00
2.099554844114233543e+00
2.099288308869752484e+00
2.093916939429574242e+00
2.084275138133417915e+00
2.089686165873622770e+00
2.099464365313122194e+00
2.100801433085113246e+00
2.100612238060986403e+00
2.101058519445858863e+00
2.101094961431376973e+00
2.101166434452740983e+00
2.101168096289370624e+00
2.101311575222886141e+00
2.105888779266215316e+00
2.129573498478267268e+00
2.116394395115010152e+00
2.862165139861787999e+00
2.870294717332567913e+00
2.828447342312378154e+00
2.819994498678769723e+00
2.895757244456893531e+00
2.875846603993116535e+00
2.871446206491783837e+00
2.938173094402491525e+00
2.944246865842846006e+00
2.955671961500828893e+00
2.956348861204878720e+00
2.949569844639863270e+00
2.961330069957465394e+00
2.962362911349420980e+00
2.962362911349420980e+00
2.955301891251432167e+00
2.919503378358220047e+00
2.918668218874505005e+00
2.866911760383491714e+00
2.885822333790933669e+00
2.942527796997485900e+00
2.954017938215088179e+00
2.945883106070781299e+00
2.942527796997485900e+00
2.944626646841841833e+00
2.940787762012082140e+00
2.942910545587855253e+00
2.949285419060760027e+00
2.944405121967324401e+00
2.942527796997485900e+00
2.935884606335344316e+00
2.891528668703091665e+00
2.945759056609631443e+00
2.942508110394390197e+00
2.941442366204467973e+00
2.944732125174214232e+00
2.969139155916770800e+00
2.966056878490156201e+00
2.975294948856533228e+00
2.979291678599033766e+00
2.903829150184210839e+00
2.911475330565399755e+00
2.818054370010025345e+00
2.913361564945638804e+00
2.872966893539089739e+00
2.841598594525168053e+00
2.727596280184313215e+00
2.775244752146766913e+00
2.643221701912309207e+00
2.776445370480462582e+00
2.811245548249313941e+00
2.721312865484353694e+00
2.724833921394254066e+00
2.636299384389648726e+00
2.690369534783418004e+00
2.649399909464278835e+00
2.830753825986752403e+00
2.848340786720029882e+00
2.866227049476076871e+00
2.891190860249265526e+00
2.879794586292182323e+00
2.863963414671714780e+00
2.882145701822087958e+00
2.902426009216848346e+00
2.869432953903906736e+00
2.879277539265366226e+00
2.826753558849388170e+00
2.839467094384705348e+00
2.710364149122165500e+00
2.856637095299558560e+00
2.792280801257946088e+00
2.795801988723234821e+00
2.910629410495806368e+00
2.919503378358220047e+00
2.919503378358220047e+00
2.919503378358220047e+00
2.920573827438037284e+00
2.928876381606788648e+00
2.930393817054960159e+00
2.891717703636904169e+00
9.048792085525079187e-01
1.064796297819170956e+00
1.276054003424519356e+00
1.380955781535053495e+00
1.389795925974661506e+00
1.467924358973500043e+00
1.619159519404746117e+00
1.519918639412598749e+00
1.513739153085326583e+00
1.493583425724240854e+00
1.428967787769156894e+00
1.428967787769156894e+00
1.394259084305144780e+00
1.392676560674123820e+00
1.404305612156750316e+00
1.427946294148297435e+00
1.455762142176981744e+00
1.455762142176981744e+00
1.393730022681612057e+00
1.411234877083120454e+00
1.394055740924335707e+00
1.393014488459347389e+00
1.393014488459347389e+00
1.393014488459347389e+00
1.394055740924335707e+00
1.393209661190454307e+00
1.393014488459347389e+00
1.393014488459347389e+00
1.393014488459347389e+00
1.398262130961236416e+00
1.409273476974883366e+00
1.392660194832386455e+00
1.426201642839311168e+00
1.409273476974883366e+00
1.402702411781514780e+00
1.393014488459347389e+00
1.393014488459347389e+00
1.394839435872376576e+00
1.455762142176981744e+00
1.455762142176981744e+00
3.924873319305541841e+00
3.924873357587369327e+00
3.924873315871187707e+00
3.924873260733978242e+00
3.924873307874130024e+00
3.924873331584538771e+00
3.924873354544313298e+00
3.924872193676941290e+00
3.924873297492563751e+00
3.924873163011387334e+00
3.924872478206659299e+00
3.924872483732574135e+00
3.924873084976135740e+00
3.924872884453393329e+00
3.924872059173611483e+00
3.924865630614227108e+00
3.924854944419206682e+00
3.924868867451498655e+00
3.924855355709625737e+00
3.924858785073477296e+00
3.924862204620281680e+00
3.924868088386935128e+00
3.924865576895215202e+00
3.924852684984246665e+00
3.924820917649791241e+00
3.924824172076085027e+00
3.924685066878680129e+00
3.924608698115255034e+00
3.924843788288482127e+00
3.924765500779276994e+00
3.924741008545976850e+00
3.924730300974742292e+00
3.924296929839464987e+00
3.924656387664022805e+00
3.924592186790900161e+00
3.924582885894911666e+00
3.924851516968077991e+00
3.924842068005683249e+00
3.924775469380758164e+00
3.924773739553192975e+00
1.380985127482880825e+00
1.129435260817485576e+00
1.247209651617876780e+00
1.398898310348977381e+00
1.432025669102718668e+00
1.456226921719134371e+00
1.459893645121295380e+00
1.403225909573201591e+00
1.402703478813887905e+00
1.403836083915288580e+00
1.580062357492751035e+00
1.400347590195479608e+00
1.150305121611188364e+00
1.150305121611188364e+00
1.045680536878092592e+00
5.972967937653199666e-01
7.689747822559851453e-01
7.565161204205697043e-01
6.327544890066691963e-01
7.689747822559851453e-01
6.148133862036802011e-01
5.662737112290923136e-01
6.057979212406878755e-01
6.990192638186196739e-01
1.045533081666791597e+00
7.258497926085640817e-01
8.670496138780425799e-01
9.190875846417394524e-01
8.669128671225463378e-01
8.673147368876295005e-01
9.185606231506220354e-01
9.304335678329356263e-01
9.304335678329356263e-01
8.782618039524103803e-01
9.304335678329356263e-01
9.304335678329356263e-01
8.933369449852173183e-01
8.682160354765746657e-01
8.673147368876295005e-01
8.673147368876295005e-01
4.878054600030588439e+00
4.878144074913541850e+00
4.880628271574190435e+00
4.846021754915015300e+00
4.858782854509497540e+00
4.884115607043754359e+00
4.883854714615417869e+00
4.881966835973931218e+00
4.880203445143808771e+00
4.856848757670635841e+00
4.616786149962591068e+00
4.309132220808307601e+00
4.294037802799199888e+00
4.278590805986099532e+00
4.276157153403990385e+00
4.334335178438232461e+00
4.383955748646342521e+00
4.273414987084437122e+00
4.272937320965142227e+00
4.279174549510385894e+00
4.606575456853168937e+00
4.878494503696451545e+00
4.882549344415578751e+00
4.881973442702961741e+00
4.884204045142482187e+00
4.884230926348048563e+00
4.883008215477489422e+00
4.834010223517307914e+00
4.881713327675410774e+00
4.883256021637200739e+00
4.875257101706625740e+00
4.861788646928290269e+00
4.874206573306271828e+00
4.884622998861625653e+00
4.878531991106879850e+00
4.878635254961365852e+00
4.861177693990355486e+00
4.648430897593420319e+00
4.740416352363543417e+00
4.834911466898409671e+00
3.924873397562326893e+00
3.924873403108580572e+00
3.924873404735423676e+00
3.924873406210164450e+00
3.924873406418757593e+00
3.924873406181952351e+00
3.924873406150887423e+00
3.924873406415397614e+00
3.924873406445721802e+00
3.924873406431115708e+00
3.924873406021733402e+00
3.924873405723633635e+00
3.924873405768894319e+00
3.924873402326632288e+00
3.924873398830780680e+00
3.924873397668143138e+00
3.924873332518974411e+00
3.924873347322936912e+00
3.924873335099574145e+00
3.924873293580720457e+00
3.924872974161468964e+00
3.924872874165307834e+00
3.924873238893646477e+00
3.924873179075531127e+00
3.924873246202742472e+00
3.924873125210485370e+00
3.924873112518903362e+00
3.924872986191556556e+00
3.924870375588473514e+00
3.924777156313249193e+00
3.923200762973366729e+00
3.922921949277430542e+00
3.924387002672296454e+00
3.909579094403299759e+00
3.921645184965186104e+00
3.921940601854424724e+00
3.924459353859899746e+00
3.924076424535088314e+00
3.922153994272489008e+00
3.921343622145919472e+00
4.256449056064895764e+00
4.259092904906565558e+00
3.667596445373557223e+00
2.776788788840480304e+00
2.776539850686376099e+00
3.606139750491455853e+00
2.744058146937569553e+00
3.551399897943126938e+00
3.756613884845810603e+00
3.756613884845810603e+00
3.757553681959406866e+00
3.707677318162688529e+00
3.753447295751679569e+00
3.848203192555568641e+00
3.949317962889352440e+00
3.949317962889352440e+00
3.676688418468956776e+00
3.223152068131011738e+00
2.670647077955526250e+00
1.274161269668610430e+00
1.784238594049323723e+00
1.759772212353754473e+00
1.799335130083217882e+00
1.819250800879391061e+00
3.216015073923934153e+00
3.566086376200977792e+00
4.886811891146427556e+00
4.832866465588897320e+00
4.647004023870201728e+00
4.849608098458925376e+00
4.854814350432770986e+00
4.876871657387175318e+00
4.883815555913604278e+00
4.882682378871098905e+00
4.871852226119440132e+00
4.483814359913926850e+00
4.274622474277245843e+00
4.307051915334512593e+00
4.498659954009936790e+00
4.290100027070551825e+00
