4.981213907170515931e+00
5.002130779330138388e+00
4.997092480683120286e+00
4.992218397479651237e+00
4.991799738233618555e+00
5.009641301734337304e+00
4.991696782792637954e+00
5.012219921278518342e+00
5.025199147240970277e+00
5.020890568177082791e+00
5.014776431078123764e+00
5.016968024003257476e+00
4.978650166557521572e+00
4.975433231834768044e+00
4.976230646321859297e+00
4.930859843809873411e+00
4.914763927554226086e+00
4.930679221966727255e+00
4.893113631590991552e+00
4.887811863190515638e+00
4.902613032701782281e+00
4.934373758086084472e+00
4.967358563741721689e+00
4.956120116765871053e+00
4.968292994562314213e+00
4.935089908315733354e+00
4.964968633766932982e+00
4.969283636668262005e+00
4.941506136155032536e+00
4.969744236617816391e+00
4.960259032239418886e+00
4.952314082434281950e+00
4.923739136597332866e+00
4.929061482005437256e+00
4.972616863424206279e+00
4.989273150450552308e+00
4.969479730548325591e+00
4.965040984656885925e+00
4.948752012397878097e+00
4.964890413630510757e+00
3.955951311772117229e+00
3.956022962002069931e+00
3.956472414182279351e+00
3.956628778647808709e+00
3.957160452780207116e+00
3.957344233873870465e+00
3.957128315538378516e+00
3.957058806431843490e+00
3.957427199899733239e+00
3.957925286185596470e+00
3.958163639523218258e+00
3.958020453938329464e+00
3.957912067929457045e+00
3.958055103990623991e+00
3.957932165794141532e+00
3.958226229672852092e+00
3.958338577809630277e+00
3.958270506425688229e+00
3.958089740759434427e+00
3.957898451689931818e+00
3.957511732734816601e+00
3.956912493488663252e+00
3.956391944471616462e+00
3.955669567871979542e+00
3.955807849165089429e+00
3.956034377014784109e+00
3.956620533702277953e+00
3.956851301683726785e+00
3.957343753352061455e+00
3.957303220644607933e+00
3.957034522967654233e+00
3.957014804440206035e+00
3.957173867610626949e+00
3.957287137877819383e+00
3.957080761729177887e+00
3.956165558422619632e+00
3.953692539541157736e+00
3.941485255466447235e+00
3.895981285537827521e+00
3.713493320873464398e+00
3.129354291076958283e+00
2.993620267526794887e+00
2.934611416587406207e+00
2.911112977102210841e+00
2.939943690538308729e+00
2.939943690538308729e+00
2.980634969249050581e+00
3.033691734036482401e+00
2.974789715515420152e+00
2.973923607068397423e+00
2.916391385494706334e+00
2.948981524424994838e+00
2.978964833566982051e+00
2.970926407332107555e+00
2.932022616657810943e+00
2.951765826819883642e+00
2.914346017222837482e+00
2.886931210465764952e+00
2.918379558218330949e+00
2.906843270640197652e+00
2.970945550165435822e+00
2.908552986963522713e+00
2.929365441176501772e+00
2.885559803987248984e+00
2.857812956942922256e+00
2.862123648273250165e+00
2.900734389242757949e+00
2.966953788681513160e+00
2.959121048723764691e+00
3.033485657705004890e+00
3.049796280434112994e+00
3.139848864882042179e+00
3.086925092940331794e+00
3.079908742846530600e+00
3.081636486168375821e+00
3.082141110995382238e+00
2.995914388173682941e+00
2.885875655898251679e+00
2.837493682830392050e+00
2.738376634469386950e+00
2.071995054798458469e+00
2.034798820239704931e+00
2.040283564634765678e+00
2.040044380166330829e+00
2.027711262311848728e+00
2.024392081798513487e+00
2.013836636934826618e+00
2.022966861146380690e+00
2.038122079845253509e+00
2.042466968517846038e+00
2.028512372850166834e+00
2.024740910298044483e+00
2.024989698016161466e+00
2.030615751837924865e+00
2.029870120393456379e+00
2.027170526694567876e+00
2.020370865586487596e+00
1.997723082795929361e+00
1.962779939644908822e+00
1.936914167006795306e+00
1.946107134136859873e+00
1.974410500483644526e+00
1.973072395657927913e+00
1.965701220374300728e+00
1.989606741354784880e+00
2.014532373876093185e+00
2.055437885660216235e+00
2.051298691409086494e+00
2.053320653131229356e+00
2.067639073794455218e+00
2.103822370109038609e+00
2.118336891860575832e+00
2.153738466593023038e+00
2.173667264359673279e+00
2.200240085975568860e+00
2.147832792764675425e+00
1.979211100327196160e+00
1.918813255091387227e+00
1.928535824249450137e+00
1.884224755374703353e+00
1.667286053994420758e+00
1.297919723142558546e+00
1.160895497750515037e+00
1.097975943505111296e+00
9.967491041657808859e-01
9.967491041657808859e-01
9.967491041657808859e-01
9.967491041657808859e-01
9.967491041657808859e-01
1.032585045932180590e+00
1.116871527416289922e+00
1.116871527416289922e+00
1.116871527416289922e+00
1.116871527416289922e+00
1.020610780237617643e+00
9.042420263594562746e-01
9.133023048674631106e-01
9.561780014175048636e-01
9.561780014175048636e-01
9.561780014175048636e-01
9.561780014175048636e-01
9.561780014175048636e-01
9.635667268588306023e-01
9.613448992072685106e-01
9.935754203109310456e-01
9.799880422130456958e-01
9.561780014175048636e-01
9.569146156463754771e-01
9.561780014175048636e-01
9.620850198241400753e-01
9.935754203109310456e-01
9.935754203109310456e-01
9.935754203109310456e-01
9.935754203109310456e-01
1.100798062684906320e+00
1.110227123753444678e+00
1.117580716641809246e+00
1.232188070254948364e+00
1.219789887744708867e+00
1.077105859600345106e+00
