4.980891272415562732e+00
4.989196203094957482e+00
4.985539310400449509e+00
4.982269783602172097e+00
4.968294232834665536e+00
4.973172798021736618e+00
4.960407813156398227e+00
4.981878353898871126e+00
4.997821296769282995e+00
4.994224920116708155e+00
4.988558052136343512e+00
4.991163143262017599e+00
4.958746950042860924e+00
4.954665558704063777e+00
4.966031992371495285e+00
4.932549308777393726e+00
4.914679050006819594e+00
4.926035951972958848e+00
4.876469615257640555e+00
4.872527197432109602e+00
4.896294625838803150e+00
4.925389461286017401e+00
4.954798592625294873e+00
4.947190760070382609e+00
4.962797749449175733e+00
4.931892040243788244e+00
4.957602463716926700e+00
4.964801054768824606e+00
4.945013792880526005e+00
4.967614875491650039e+00
4.959656011002207876e+00
4.949512449245685453e+00
4.924537459239013870e+00
4.924129287648963071e+00
4.967692226505417530e+00
4.980627800436903563e+00
4.970027721891603356e+00
4.968024799131955049e+00
4.953162935385732268e+00
4.951304608736016633e+00
3.987884547009837188e+00
3.987086440168465806e+00
3.989417724999456905e+00
3.991217761381471885e+00
3.992584199992215588e+00
3.992441989377192524e+00
3.990217055219485331e+00
3.990077760641199234e+00
3.991383016385255722e+00
3.992878548189520149e+00
3.993566511172146782e+00
3.995079130166670378e+00
3.994868422369901584e+00
3.997066231110713908e+00
3.998135305442630738e+00
3.995631140029285877e+00
3.993833491274669800e+00
3.994190736732247338e+00
3.995281163036469074e+00
3.994131212036549528e+00
3.993108251287909471e+00
3.992116945904086833e+00
3.991308433460580396e+00
3.989982735740257525e+00
3.990318151523926105e+00
3.990374900282066761e+00
3.991046699649491547e+00
3.989405546573924877e+00
3.991123114324312660e+00
3.990395916179181324e+00
3.989206581659059836e+00
3.990143669968117646e+00
3.991484905413150042e+00
3.992448743169740855e+00
3.994688297144219469e+00
3.998172059913748022e+00
4.002444750934635032e+00
4.038079662772060097e+00
4.034467979136904248e+00
3.839090615643298676e+00
3.192219764634264489e+00
3.067277399569608765e+00
2.972377213221890191e+00
2.947756223376577722e+00
2.975281839841560139e+00
2.975281839841560139e+00
2.986762411830258479e+00
3.024641422800672164e+00
2.957068272287867838e+00
2.926481810479734769e+00
2.873215906850389523e+00
2.945673798206626337e+00
2.974136576612180338e+00
2.966556125280220613e+00
2.929360245469818214e+00
2.948337916798743130e+00
2.912396136312199069e+00
2.895557261182331921e+00
2.932441510981148802e+00
2.913972995744639860e+00
3.012941748044002832e+00
2.955210371579113815e+00
2.930143424565756050e+00
2.871221522314118868e+00
2.858246756770011832e+00
2.885339099021462239e+00
2.931922970673030093e+00
3.009668348145382755e+00
2.975816976750190523e+00
3.130674542081634204e+00
3.144857853217094767e+00
3.242222172350407217e+00
3.164139502840302320e+00
3.151876287813771604e+00
3.160025196481449417e+00
3.226710444809732348e+00
3.134858838105675005e+00
3.035896116450274018e+00
3.003684607006390284e+00
2.909501826622008736e+00
2.139923757991144093e+00
2.073519695007161712e+00
2.066991538958050878e+00
2.060231522391565928e+00
2.050847952280728137e+00
2.040753421491395159e+00
2.024250982980276170e+00
2.036649106998939640e+00
2.056948108420891597e+00
2.065855914625331025e+00
2.043869842091832645e+00
2.041753209323764029e+00
2.047350251554922451e+00
2.059865304948915288e+00
2.049243092069923833e+00
2.041805900517844385e+00
2.035543515422457261e+00
1.993751053199060541e+00
1.966676611727695478e+00
1.980715483849163405e+00
1.987113170855082211e+00
1.974878410719996369e+00
1.991806850045097166e+00
1.991292381720466187e+00
2.003137086056108185e+00
2.024898721611999797e+00
1.941670205323723364e+00
1.955617622046804449e+00
1.938083531646720425e+00
1.892484617192810248e+00
1.976839226183416898e+00
1.953795497226465505e+00
2.040557956721356092e+00
2.036058195647250546e+00
2.069830320311470295e+00
1.934927411802622732e+00
1.948647663458507928e+00
1.984821990121192981e+00
2.032131054456988828e+00
1.941782907441704786e+00
1.622864940818630863e+00
1.281122654985319631e+00
1.151097066656144641e+00
1.090418300757865833e+00
9.910637306860732298e-01
9.910637306860732298e-01
9.910637306860732298e-01
9.910637306860732298e-01
9.910637306860732298e-01
1.042720897674396685e+00
1.165070557480999636e+00
1.165070557480999636e+00
1.165070557480999636e+00
1.165070557480999636e+00
1.025390529751178503e+00
8.978638355724304354e-01
9.368939498204180705e-01
9.987524248103565316e-01
9.987524248103565316e-01
9.987524248103565316e-01
9.987524248103565316e-01
9.987524248103565316e-01
1.010188845934644419e+00
1.006740784338585382e+00
1.056790295202424179e+00
1.035771361560655190e+00
9.987524248103565316e-01
9.998883017542126161e-01
9.987524248103565316e-01
1.007888634423710350e+00
1.056790295202424179e+00
1.056790295202424179e+00
1.056790295202424179e+00
1.056790295202424179e+00
1.024904579629623447e+00
1.021807702403834339e+00
1.031733634490675344e+00
1.187575830380970920e+00
1.174241077375181019e+00
1.016174075915265318e+00
