1.590367058470202322e+00
1.590367058470202322e+00
1.590367058470202322e+00
1.590367058470202322e+00
1.590367058470202322e+00
1.590367058470202322e+00
1.590367058470202322e+00
1.590367058470202322e+00
1.590367058470202322e+00
1.590367058470202322e+00
1.590367058470202322e+00
1.590367058470202322e+00
1.590367058470202322e+00
1.590367058470202322e+00
1.590367058470202322e+00
1.590367058470202322e+00
1.590367058470202322e+00
1.590367058470202322e+00
1.590367058470202322e+00
1.590367058470202322e+00
1.590367058470202322e+00
1.590367058470202322e+00
1.590367058470202322e+00
1.590367058470202322e+00
1.590367058470202322e+00
1.590367058470202322e+00
1.590367058470202322e+00
1.590367058470202322e+00
1.590367058470202322e+00
1.590367058470202322e+00
1.590367058470202322e+00
1.590367058470202322e+00
1.590367058470202322e+00
1.590367058470202322e+00
1.590367058470202322e+00
1.590367058470202322e+00
1.590367058470202322e+00
1.590367058470202322e+00
1.590367058470202322e+00
1.590367058470202322e+00
2.741954349077313946e+00
2.744688376932703733e+00
2.744501194393419219e+00
2.741810267927470512e+00
2.742089079995983170e+00
2.740595597329314792e+00
2.740646890963659210e+00
2.740731204583246594e+00
2.740600028938910526e+00
2.740477830678758053e+00
2.740472919222331161e+00
2.740472288862757733e+00
2.740472146324210545e+00
2.740472133072677785e+00
2.740472125826148631e+00
2.740472037831544583e+00
2.740471544665147974e+00
2.738493785070261310e+00
2.737397542601788913e+00
2.740449218462388092e+00
2.740380919640892365e+00
2.740401955280091784e+00
2.740399916686862447e+00
2.740459949664861838e+00
2.740395119783366251e+00
2.740707924496774694e+00
2.740657465854287267e+00
2.739830544395998047e+00
2.734440643533027071e+00
2.738556311017550371e+00
2.738896352568450876e+00
2.739035554832221386e+00
2.739962872881053002e+00
2.740094721844422487e+00
2.739269617451329353e+00
2.739969697667203441e+00
2.735193499116015836e+00
2.588225571846526574e+00
2.694577643606321793e+00
1.680790809025847654e+00
3.826581214940114606e+00
3.826530882385662302e+00
3.826262515530332919e+00
3.808721393721820725e+00
3.801798362974461831e+00
3.802091387337651174e+00
3.801691628930914835e+00
3.801678104669015568e+00
3.801614247571335703e+00
3.801782045056322445e+00
3.801932845173104702e+00
3.802304161888133027e+00
3.801799190162568731e+00
3.804001708820940131e+00
3.802187515849695831e+00
3.801583094621478587e+00
3.801546917403415549e+00
3.801434218057664793e+00
3.796945814622128434e+00
3.799836541510829058e+00
3.785810911880381546e+00
3.795878934478809530e+00
3.789073616116920284e+00
3.783202438278400859e+00
3.786647577421922151e+00
3.794870422145501632e+00
3.798114131299919816e+00
3.779350957386118814e+00
3.766389599477097505e+00
3.265448617996673519e+00
3.463871214141366561e+00
3.748211215397440288e+00
3.780479294924266487e+00
3.794648079072755920e+00
3.796024536021894491e+00
3.799193373025200771e+00
3.800245457582552611e+00
3.801416911616583683e+00
3.801498324528301609e+00
3.801582149000809263e+00
4.436673942659091985e+00
4.436644182839897255e+00
4.436566924103837906e+00
4.436362244093041696e+00
4.436309975756428159e+00
4.436380414063499700e+00
4.436411295639429042e+00
4.436050090561302284e+00
4.435795730381538959e+00
4.435219831750860209e+00
4.435598714585236024e+00
4.434523157756734335e+00
4.434743023775240545e+00
4.434978330060068252e+00
4.433030395335109120e+00
4.432908973150797571e+00
4.434647313975899507e+00
4.431759724378355969e+00
4.432100888008141837e+00
4.434244259035913238e+00
4.435386099725445952e+00
4.435062398482896739e+00
4.436027247056357758e+00
4.435724856135614402e+00
4.436688770520873959e+00
4.436900893089688935e+00
4.436935085582717875e+00
4.436993450580901666e+00
4.437015565014366558e+00
4.437025441643617896e+00
4.436984641061139989e+00
4.437007253721383826e+00
4.437015530445723499e+00
4.436987223726937657e+00
4.436850546060229661e+00
4.436539714889637054e+00
4.426633254193463429e+00
4.429314115804169560e+00
4.425617332892489486e+00
4.393739975752218641e+00
1.127368554106098486e+00
1.127368554106098486e+00
1.127368554106098486e+00
1.127368554106098486e+00
1.127368554106098486e+00
1.127368554106098486e+00
1.127368554106098486e+00
1.127368554106098486e+00
1.127368554106098486e+00
1.127368554106098486e+00
1.127368554106098486e+00
1.415619389233458314e+00
1.767324656121323168e+00
1.767324656121323168e+00
1.120156399522102886e+00
9.723901216195025565e-01
9.723901216195025565e-01
9.723901216195025565e-01
9.723901216195025565e-01
9.723901216195025565e-01
9.723901216195025565e-01
7.371847871688494980e-01
7.462697429211517797e-02
3.631834434153190516e-01
1.356116869179579965e+00
1.590367058470202322e+00
1.590367058470202322e+00
1.459452175288490139e+00
1.127368554106098486e+00
1.127368554106098486e+00
1.127368554106098486e+00
1.127368554106098486e+00
1.127368554106098486e+00
1.127368554106098486e+00
1.127368554106098486e+00
1.127368554106098486e+00
1.127368554106098486e+00
1.127368554106098486e+00
1.127368554106098486e+00
1.127368554106098486e+00
3.290750571198309604e+00
3.290750571198309604e+00
3.256774948023241745e+00
3.109359430121541035e+00
2.997009819442795653e+00
3.168652998842003132e+00
3.234520001303791581e+00
3.233049256553920170e+00
3.233049256553920170e+00
3.162901318903035275e+00
3.070504151798524983e+00
3.103503521543478971e+00
3.281394930483682248e+00
3.233049256553920170e+00
3.275534315690587395e+00
3.164798873477548735e+00
3.174694046738262276e+00
3.233049256553920170e+00
3.233049256553920170e+00
3.233049256553920170e+00
3.206744427659626862e+00
3.233049256553920170e+00
3.208977028881779159e+00
3.127583468549715029e+00
2.959847168120861571e+00
2.953025972460656678e+00
2.929551405211591852e+00
2.929551405211591852e+00
2.856729258465978916e+00
2.691038316146688647e+00
2.912529190674812085e+00
2.691038316146688647e+00
2.691038316146688647e+00
2.691038316146688647e+00
2.789303631146889284e+00
2.869886718235074241e+00
2.706362076053435928e+00
2.821189207088421469e+00
2.691038316146688647e+00
2.734930850832494542e+00
3.281386269623686402e+00
3.281386269623686402e+00
3.265838028589201247e+00
3.233049256553920170e+00
2.983098905070900031e+00
3.186614608797615045e+00
3.252470079332452801e+00
3.290750571198309604e+00
3.294631986844775984e+00
3.028319098237407303e+00
3.026654554176582135e+00
3.154642948545742787e+00
2.993055853110774489e+00
2.996737356363513793e+00
2.990744749851398154e+00
2.990744749851398154e+00
2.991354777428827383e+00
2.992510733231144471e+00
2.997714321709829655e+00
2.996737356363513793e+00
2.990744749851398154e+00
2.989129325102334533e+00
3.009171984083789830e+00
3.031550256725291881e+00
3.000873124182072527e+00
3.013544095312403748e+00
3.036238220801860788e+00
3.031550256725291881e+00
3.151049974251165064e+00
3.211852925058629626e+00
3.031550256725291881e+00
3.189517045422667341e+00
3.122841951427630658e+00
3.217268377256193634e+00
3.069674381344385861e+00
3.025743184634858363e+00
3.004359638673802735e+00
3.054153734317733182e+00
3.171278844026532706e+00
3.044943382567694812e+00
2.738762200412442560e+00
2.737948230514239967e+00
2.740414144431873478e+00
2.740389362083190505e+00
2.740292924989754297e+00
2.740305550585653727e+00
2.740035288840822147e+00
2.738115340417243804e+00
2.740232627423594636e+00
2.740007713533494815e+00
2.739572059597147557e+00
2.740314987583569284e+00
2.740195102365555968e+00
2.740414379869798189e+00
2.740457755538369788e+00
2.740491816613041642e+00
2.740541170313441910e+00
2.740491478293929362e+00
2.740534539546045867e+00
2.740540743820970349e+00
2.740683457582661298e+00
2.740531130470230448e+00
2.740539138646115092e+00
2.740665470683435245e+00
2.740855907607821607e+00
2.740599469820880874e+00
2.740547971033738150e+00
2.740521596664373227e+00
2.740518011922167041e+00
2.740537716524423573e+00
2.740508139264596466e+00
2.740489771604086577e+00
2.740475568869388034e+00
2.740475304937187495e+00
2.740472268487867957e+00
2.740471334971333217e+00
2.740469449551274472e+00
2.740469982066651156e+00
2.740472852118078340e+00
2.740469979471927164e+00
4.417708491879665189e+00
4.431755858968602801e+00
4.429015105775961914e+00
4.430903560911822581e+00
4.431882770775552594e+00
4.429565497136938035e+00
4.422488886897415483e+00
4.420366626970885449e+00
4.415937983603345884e+00
4.417066561529406243e+00
4.420656882569097057e+00
4.415170687574072161e+00
4.422980659304490914e+00
4.424768513058644714e+00
4.419255864742105189e+00
4.420596979662277271e+00
4.413400431122131984e+00
4.417383612420838546e+00
4.406750388856538692e+00
4.379125103338296299e+00
4.382682013836985746e+00
4.402658619834827647e+00
4.417721935774509667e+00
4.418943027624402831e+00
4.421051865050866780e+00
4.426239285542136415e+00
4.425767637413880351e+00
4.426073592139010415e+00
4.426939315070145042e+00
4.427908604595677033e+00
4.428375344278839165e+00
4.428429826775342804e+00
4.426600611217506476e+00
4.427889939937038832e+00
4.424209274210315179e+00
4.422074212890949596e+00
4.420210990096832937e+00
4.421670146878545538e+00
4.426593731823441402e+00
4.423104472667780840e+00
4.421372140843821796e+00
4.426855738892636616e+00
4.428480223544685401e+00
4.431975008488770129e+00
4.431614801005349769e+00
4.430660457281170750e+00
4.428856394951131037e+00
4.433115345112353722e+00
4.434579742848820061e+00
4.435181670645350849e+00
4.434873148633666773e+00
4.434740362292938443e+00
4.434518176556688118e+00
4.434321707706670779e+00
4.433353971911703439e+00
4.435154877198370649e+00
4.435584891973617161e+00
4.435095279670745683e+00
4.434780816333756981e+00
4.435495899166549627e+00
4.435263471372261179e+00
4.435739494757214629e+00
4.435282586926433623e+00
4.435139114939644855e+00
4.435532054793816847e+00
4.432263006082844292e+00
4.434229701616294150e+00
4.434416395895432572e+00
4.434938105474014236e+00
4.433045074331053215e+00
4.432180781258095337e+00
4.430163235559652080e+00
4.428293919008128299e+00
4.430924352227549434e+00
4.430176943504907427e+00
4.431590502541158827e+00
4.432940295187782986e+00
4.430716478939523029e+00
4.426627602437548603e+00
4.426311943769125179e+00
3.271026702255831253e+00
3.271026702255831253e+00
3.271026702255831253e+00
3.286639033032580759e+00
3.211863706306739008e+00
3.236397050640978268e+00
3.304686065094447400e+00
3.302170334625435633e+00
3.294560814231650703e+00
3.402720420836420789e+00
3.408090746287935069e+00
3.388716008626645237e+00
3.079393562380804195e+00
3.071862720032889182e+00
3.196938041129351316e+00
3.135522656188921342e+00
3.245433699121232252e+00
3.165082759970314186e+00
3.085392546358311616e+00
2.982526674031669600e+00
3.069926265136984522e+00
3.081007857859263233e+00
3.085392546358311616e+00
2.980030586461951625e+00
3.126476162624209465e+00
2.797474210885529722e+00
2.940954498308410159e+00
3.190944169751360970e+00
3.255557257295844220e+00
3.393356218890740461e+00
3.388593017453669365e+00
3.339316889551414036e+00
3.389793883876954350e+00
3.415592436301930768e+00
3.427711349897566873e+00
3.393356218890740461e+00
3.393356218890740461e+00
3.393356218890740461e+00
3.385570911699954166e+00
3.151548700006251646e+00
2.739792649106594702e+00
2.740273637214811320e+00
2.740434551191799351e+00
2.740410014371370995e+00
2.740428337397212477e+00
2.740426158744091012e+00
2.740454040256432133e+00
2.740415992905190112e+00
2.740396187887577995e+00
2.740251981844544105e+00
2.739707419616988382e+00
2.739831808586545847e+00
2.738854388738476864e+00
2.738234931689398355e+00
2.737351794279945238e+00
2.736432044032222954e+00
2.736407817176283785e+00
2.726515988487729025e+00
2.729253301256199027e+00
2.729061327553462313e+00
2.696524550762890549e+00
2.683076185318475471e+00
2.680287160574989169e+00
2.707264979050532538e+00
2.732120097002930237e+00
2.737694945228315913e+00
2.740748075167512177e+00
2.740815201165696546e+00
2.741126803301503045e+00
2.742160418646638842e+00
2.745379668588993738e+00
2.743044220412877987e+00
2.743657125411284259e+00
2.741120752275848282e+00
2.742516006508768811e+00
2.741805618468658778e+00
2.721523956365653252e+00
2.732572433259055966e+00
2.740287221116773253e+00
2.740445811399585097e+00
3.826133679960877831e+00
3.826109415596449015e+00
3.825131560290838451e+00
3.825682309626888156e+00
3.825306707009542784e+00
3.824898975995217221e+00
3.824845549713353776e+00
3.822669412775190345e+00
3.822465302956386424e+00
3.822322049756173623e+00
3.822243055928612243e+00
3.822171879150458196e+00
3.822056528058170422e+00
3.822490092535387518e+00
3.817231427151748679e+00
3.815191739550428895e+00
3.803985724742025010e+00
3.820313770509367490e+00
3.818595994297340646e+00
3.819309663599190774e+00
3.805521397547679374e+00
3.801129429203522037e+00
3.761882032356064887e+00
3.799858679482215784e+00
3.803839332357266567e+00
3.799388074729213027e+00
3.811357900641290986e+00
3.812584898278734702e+00
3.812034478083299316e+00
3.808116875667168610e+00
3.810759790311603279e+00
3.816439998832809710e+00
3.820119867749537601e+00
3.820024257640989074e+00
3.820277563757381589e+00
3.821494576858351699e+00
3.823172813668229697e+00
3.822723107269736520e+00
3.821284166841919294e+00
3.820397060547458867e+00
3.527981419431113874e+00
3.521316303594523411e+00
3.448273424214791216e+00
3.459488461700392925e+00
3.563599216323477759e+00
3.601166526603138962e+00
3.679987393656245498e+00
3.732748921108345552e+00
3.727290097244963629e+00
3.686602399130162855e+00
3.695204659171940076e+00
3.675059058276898050e+00
3.757883165632873723e+00
3.772825918939247902e+00
3.790367440466424487e+00
3.793030839674214949e+00
3.803494233140154446e+00
3.807993606149649324e+00
3.798282147662557229e+00
3.808638058314389507e+00
3.808437936045360406e+00
3.819259818998667289e+00
3.816066377457663084e+00
3.821596513127289985e+00
3.819453430291395168e+00
3.818983351888895594e+00
3.818938774702732353e+00
3.817808016813315497e+00
3.817505097083060850e+00
3.816075084764389391e+00
3.812994102146749942e+00
3.814411886134704499e+00
3.810904171198457924e+00
3.798316649800832945e+00
3.794534271994030039e+00
3.799301377751211017e+00
3.801810224390658188e+00
3.801658401516914587e+00
3.801119840610382994e+00
3.812085914270610054e+00
6.331427577005543927e-01
6.331427577005543927e-01
6.331427577005543927e-01
6.331427577005543927e-01
9.071849234573955423e-01
1.127368554106098486e+00
1.127368554106098486e+00
8.573857495657483119e-01
6.331427577005543927e-01
6.331427577005543927e-01
6.331427577005543927e-01
6.331427577005543927e-01
6.331427577005543927e-01
6.331427577005543927e-01
6.331427577005543927e-01
6.331427577005543927e-01
7.255761340969518747e-01
1.127368554106098486e+00
1.127368554106098486e+00
1.127368554106098486e+00
1.127368554106098486e+00
1.127368554106098486e+00
1.127368554106098486e+00
1.127368554106098486e+00
1.127368554106098486e+00
1.127368554106098486e+00
1.127368554106098486e+00
1.127368554106098486e+00
1.127368554106098486e+00
1.127368554106098486e+00
1.127368554106098486e+00
1.127368554106098486e+00
1.127368554106098486e+00
1.127368554106098486e+00
1.127368554106098486e+00
1.127368554106098486e+00
1.127368554106098486e+00
1.226329057987979976e+00
1.248380181576655090e+00
1.878748758441830091e+00
