4.952683969814462905e+00
4.955185033803348738e+00
4.949940471785612139e+00
4.947162398699595620e+00
4.952120376811205205e+00
4.963066155400367663e+00
4.958354501775142253e+00
4.968960816676671222e+00
4.975764005594385253e+00
4.974640722504412693e+00
4.973132138390683465e+00
4.974110268060222495e+00
4.968350298875931159e+00
4.969036252201269654e+00
4.966250540032773664e+00
4.948517382513420770e+00
4.926153432074999117e+00
4.946759501941691894e+00
4.933031190057601378e+00
4.931944407906766692e+00
4.930176870435262870e+00
4.939917550125910495e+00
4.953161410535988907e+00
4.954484193008608983e+00
4.967760876211684717e+00
4.953323886650597530e+00
4.966021212033345122e+00
4.968560830095867686e+00
4.961395233352138945e+00
4.967549965243003740e+00
4.959760746711866730e+00
4.957789998025027955e+00
4.956912267676525374e+00
4.945117507661031198e+00
4.966439119133083224e+00
4.973873100417762316e+00
4.970331363051201379e+00
4.973764859625944723e+00
4.970194134337839742e+00
4.970196418216523249e+00
3.701590630147362670e+00
3.701590630282663330e+00
3.701590630355512612e+00
3.701590630358063017e+00
3.701590630360156897e+00
3.701590630363097656e+00
3.701590630366138335e+00
3.701590630366162316e+00
3.701590630364253176e+00
3.701590630350269251e+00
3.701590630308611907e+00
3.701590629857753889e+00
3.701590627278168899e+00
3.701590625959930492e+00
3.701590618441256364e+00
3.701590622620483106e+00
3.701590362916929777e+00
3.701590436843033238e+00
3.701590595105700654e+00
3.701590626531255701e+00
3.701590628243267123e+00
3.701590629306458879e+00
3.701590628416278950e+00
3.701590628824389384e+00
3.701590629717816494e+00
3.701590630134222071e+00
3.701590630333041698e+00
3.701590630363337908e+00
3.701590630360974021e+00
3.701590630361138334e+00
3.701590630356874190e+00
3.701590630332182386e+00
3.701590630283343231e+00
3.701590630229032453e+00
3.701590629730408200e+00
3.701590626943275453e+00
3.701590075678248049e+00
3.701494382063819977e+00
3.696158721256424418e+00
3.521110771617470991e+00
3.285345457678957803e+00
3.007465012477032129e+00
2.994543711997206259e+00
2.936541313208913540e+00
3.013571353071803571e+00
3.013571353071803571e+00
3.173157810807739843e+00
3.311223700265236047e+00
3.205196066705529478e+00
3.254001490527442364e+00
3.113305352164741358e+00
3.118204203651885553e+00
3.190599776137640564e+00
3.171594447917533532e+00
3.075544054303597452e+00
3.125095260852963630e+00
3.026760259193412850e+00
2.842601655274441530e+00
2.863123851572617173e+00
2.728627678425881165e+00
3.115294252216232351e+00
3.028317650950976159e+00
2.986719648572744745e+00
2.861680718834123116e+00
2.753442961730220961e+00
2.719094944977174411e+00
2.865179732617291641e+00
3.065934127847394830e+00
3.002720282861750078e+00
3.295407302188080756e+00
3.281906972622205654e+00
3.463341266701025045e+00
3.422032835678119778e+00
3.418838500829977090e+00
3.425945717658415823e+00
3.578668249591449690e+00
3.496351836278139391e+00
3.302551732061448142e+00
3.253959424152925717e+00
3.140576715177032963e+00
1.965207681403965179e+00
1.965188185400690291e+00
1.965190825301078359e+00
1.965194621155086363e+00
1.965191982233402079e+00
1.965191919798868092e+00
1.965188725546270110e+00
1.965196548614418948e+00
1.965263551311100532e+00
1.965429272297853913e+00
1.965211388082142463e+00
1.965207712442688326e+00
1.965216916409846082e+00
1.965340519899435812e+00
1.965377568589124380e+00
1.965349841599643099e+00
1.965237105443253807e+00
1.964773876108721673e+00
1.963567385379191954e+00
1.962978041502004167e+00
1.961336706318909329e+00
1.961713541979134057e+00
1.959525323797061347e+00
1.959439041502422096e+00
1.957999621522204414e+00
1.962934081620791638e+00
1.941182059594920961e+00
1.951227790939452866e+00
1.932623410635212480e+00
1.931962929066822543e+00
1.950234072803411323e+00
1.918355303625590036e+00
1.908183372853774262e+00
1.859786117647958203e+00
1.913225380330194625e+00
1.739425417567767695e+00
1.944660516543784912e+00
1.933585061863993815e+00
2.001220120688577797e+00
1.992461960858753933e+00
1.483026831018331659e+00
1.153235604180630203e+00
1.096223939406098857e+00
1.081951175437646961e+00
1.075578569482052993e+00
1.075578569482052993e+00
1.075578569482052993e+00
1.075578569482052993e+00
1.075578569482052993e+00
1.121396060088880153e+00
1.281953728678432380e+00
1.281953728678432380e+00
1.281953728678432380e+00
1.281953728678432380e+00
1.104774379480418123e+00
1.088884026192578514e+00
1.178956650679253482e+00
1.241306796974475990e+00
1.241306796974475990e+00
1.241306796974475990e+00
1.241306796974475990e+00
1.241306796974475990e+00
1.257614383870070185e+00
1.252645086234770222e+00
1.330473873354389491e+00
1.296134121546446583e+00
1.241306796974475990e+00
1.242904737181492969e+00
1.241306796974475990e+00
1.254294127083346533e+00
1.330473873354389491e+00
1.330473873354389491e+00
1.330473873354389491e+00
1.330473873354389491e+00
1.466983313131120958e+00
1.479849983912509437e+00
1.498209856931283834e+00
1.879935135482165176e+00
1.869317891808453869e+00
1.779851745794395868e+00
