1.519959277824823207e+00
1.640593542567786223e+00
1.501371423379578740e+00
1.388730172258089812e+00
1.388730172258089812e+00
1.388730172258089812e+00
1.388730172258089812e+00
1.388730172258089812e+00
1.388730172258089812e+00
1.595376457075910359e+00
1.518378307733903920e+00
1.640593542567786223e+00
1.640593542567786223e+00
1.640593542567786223e+00
1.626005334310654415e+00
1.586674259347958582e+00
1.621122294849321577e+00
1.546789399121002218e+00
1.501371423379578740e+00
1.486125324205374021e+00
1.640593542567786223e+00
1.640593542567786223e+00
1.640593542567786223e+00
1.640593542567786223e+00
1.487120060881094830e+00
1.380935948718326589e+00
1.380935948718326589e+00
1.380935948718326589e+00
1.380935948718326589e+00
1.380935948718326589e+00
1.380935948718326589e+00
1.380935948718326589e+00
1.380935948718326589e+00
1.380935948718326589e+00
1.380935948718326589e+00
1.380935948718326589e+00
1.380935948718326589e+00
1.380935948718326589e+00
1.380935948718326589e+00
1.380935948718326589e+00
3.969027185590673579e+00
3.962941582523253015e+00
3.949697571958057818e+00
3.937159585129824446e+00
3.953496481321752132e+00
3.976444096458975341e+00
3.992413572013386425e+00
3.990331409471064017e+00
3.982839717671764479e+00
3.984441312592126305e+00
3.984057544474226997e+00
3.995405569660295253e+00
4.001114679888303272e+00
4.006332662206077089e+00
3.999803536504056733e+00
3.977416228485204375e+00
3.956642730289858800e+00
3.952698659888376209e+00
3.979138501165578656e+00
3.991996540077753952e+00
3.989299949875105167e+00
3.979481568465003338e+00
3.988373851024437311e+00
3.996188139433103803e+00
3.977193827602871767e+00
3.982356596420638883e+00
3.983168574965031627e+00
3.985624433953207646e+00
3.974542119541930152e+00
3.979458021441804494e+00
3.976397869676886021e+00
3.985446724752507830e+00
3.990472466678001151e+00
3.984154560729266326e+00
3.976510494452124345e+00
3.967404247996825450e+00
3.985937569589905305e+00
3.988836738270290727e+00
3.991722808197074368e+00
3.987884052581786687e+00
1.310856285960852130e+00
1.380935948718326589e+00
1.380935948718326589e+00
1.351694621899403259e+00
1.262863457425077884e+00
1.155549330515057704e+00
1.155549330515057704e+00
1.155549330515057704e+00
1.155549330515057704e+00
1.155549330515057704e+00
1.155549330515057704e+00
1.155549330515057704e+00
1.155549330515057704e+00
1.155549330515057704e+00
1.155549330515057704e+00
1.155549330515057704e+00
1.155549330515057704e+00
1.155549330515057704e+00
1.155549330515057704e+00
9.710195218417825291e-01
8.412792008172415015e-01
8.412792008172415015e-01
8.412792008172415015e-01
8.412792008172415015e-01
8.412792008172415015e-01
8.412792008172415015e-01
8.412792008172415015e-01
8.412792008172415015e-01
8.412792008172415015e-01
8.412792008172415015e-01
8.412792008172415015e-01
8.412792008172415015e-01
8.412792008172415015e-01
8.412792008172415015e-01
8.412792008172415015e-01
8.412792008172415015e-01
8.412792008172415015e-01
8.412792008172415015e-01
8.412792008172415015e-01
8.412792008172415015e-01
8.470389455152620428e-01
1.086882916509749109e+00
1.155549330515057704e+00
1.155549330515057704e+00
1.155549330515057704e+00
9.772959728844781147e-01
8.412792008172415015e-01
8.412792008172415015e-01
8.412792008172415015e-01
8.412792008172415015e-01
8.412792008172415015e-01
9.522382998079417238e-01
1.091432300542958922e+00
1.015111624435669047e+00
1.123445357716825743e+00
1.155549330515057704e+00
1.155549330515057704e+00
1.155549330515057704e+00
1.155549330515057704e+00
1.155549330515057704e+00
1.155549330515057704e+00
1.059533715725528680e+00
1.104225094034308574e+00
1.155549330515057704e+00
1.155549330515057704e+00
1.155549330515057704e+00
1.061173062869189110e+00
1.076069419553815187e+00
1.094512257797084720e+00
1.155549330515057704e+00
1.110627894022296669e+00
1.155549330515057704e+00
9.397591927629638242e-01
7.419137193906630845e-01
6.557779437234474429e-01
6.557779437234474429e-01
7.456423343290106143e-01
1.059533715725528680e+00
1.072277928304884664e+00
1.155549330515057704e+00
4.911874207051618590e+00
4.906181764366960962e+00
4.876005265574137049e+00
4.885571717747684062e+00
4.900989904098666194e+00
4.907148654934738730e+00
4.908292333977505528e+00
4.913689436802965993e+00
4.920746010641708246e+00
4.922200691796508210e+00
4.931493028278480573e+00
4.934753017753091164e+00
4.939534882278721284e+00
4.940997070570300131e+00
4.941171113811379634e+00
4.940407008936553268e+00
4.943762793096047048e+00
4.945906697380536343e+00
4.943484555631846966e+00
4.938551683547812488e+00
4.935789807112231919e+00
4.930187400879394666e+00
4.935178521071067692e+00
4.936174575525069663e+00
4.935739525974774722e+00
4.933773605794921302e+00
4.929120448898455464e+00
4.924194472313051740e+00
4.924070315091028327e+00
4.919171131980509593e+00
4.913397829358865820e+00
4.912360142035579358e+00
4.893253222413697756e+00
4.893190355682563109e+00
4.905563590709494548e+00
4.897812471478116159e+00
4.899762658493462375e+00
4.899668950345649421e+00
4.911771342410222729e+00
4.928327497293822468e+00
4.785205675674077952e+00
4.820136061595643007e+00
4.826202885813023258e+00
4.815234243292132454e+00
4.838710158148406215e+00
4.819650300583944613e+00
4.836459049455464232e+00
4.851236338943904158e+00
4.852393884193367590e+00
4.851168662476918136e+00
4.869452597345164335e+00
4.875289631886839281e+00
4.882293002480045274e+00
4.878805882276051165e+00
4.863255702369838396e+00
4.852383508022258596e+00
4.863847022927272334e+00
4.868647598233635243e+00
4.881920506747562172e+00
4.894920053158897666e+00
4.897426473945357017e+00
4.906684403258167571e+00
4.914814359510352837e+00
4.920168311367872249e+00
4.922607492027812448e+00
4.926732748873646095e+00
4.925960686290741464e+00
4.921596421471984506e+00
4.919277722078355453e+00
4.914901763126971801e+00
4.913984894242252821e+00
4.911322371739064607e+00
4.907654790116484200e+00
4.901678112428763612e+00
4.914201823132859914e+00
4.920100750475904228e+00
4.921103996066049646e+00
4.922822773388477735e+00
4.924424484449795081e+00
4.921133894683434207e+00
1.953082608786882890e+00
1.946511992650991285e+00
1.936019583724711168e+00
1.926968641982567121e+00
1.941931975824092049e+00
1.957748301476008201e+00
1.969441824295243837e+00
1.969368009460151558e+00
1.972757167706352899e+00
1.973281987920516567e+00
1.978520561261323252e+00
1.980704732535104373e+00
1.979845933411261250e+00
1.981977003323448283e+00
1.985653478694190621e+00
1.988792187495450836e+00
1.995020066869650499e+00
1.992586038636984913e+00
1.994846918546568926e+00
1.996286389552578644e+00
1.999740064890077385e+00
2.006355615478357723e+00
2.004480383102317909e+00
2.021071903828336236e+00
1.999828066183461317e+00
2.006128364619772952e+00
2.004290822600580668e+00
2.010974700974831109e+00
2.017321334250638198e+00
2.005667824661128584e+00
2.010764610822234566e+00
2.015335623955106570e+00
2.015694879006278750e+00
2.008490732843345228e+00
2.032344948062565049e+00
2.038813187772478663e+00
2.043932456913642781e+00
2.098445051871133060e+00
2.103990903407588764e+00
2.148851958490219705e+00
2.021426593155164930e+00
2.025273237756319844e+00
2.001245379469514418e+00
2.004044197972415731e+00
2.013375880937918083e+00
1.998920754735034055e+00
2.003402066013540317e+00
1.994489019194002122e+00
1.991312845833837830e+00
1.987110332114740974e+00
1.987798871498359432e+00
1.988055824074937750e+00
1.988413513400852484e+00
1.987900070920743278e+00
1.986765222926532903e+00
1.982839402120676997e+00
1.980175195775432329e+00
1.971526525066038538e+00
1.956958036604045770e+00
1.959041245767803918e+00
1.960770416645798431e+00
1.943273432968232850e+00
1.947363780291126556e+00
1.942415281417718909e+00
1.958262517435134242e+00
1.978826765636082285e+00
1.979677908383550289e+00
1.981441553548081824e+00
1.983165658232620476e+00
1.982491828647019894e+00
1.973474770526912447e+00
1.973736178526445340e+00
1.971665717357752978e+00
1.969072364209273562e+00
1.968287130803271001e+00
1.968077503623737456e+00
1.967741403900535868e+00
1.969133967545746433e+00
1.968914659346392426e+00
1.968796297175889887e+00
2.115517658397837675e+00
2.079352557762903508e+00
2.049705466183593838e+00
2.047646888468066972e+00
2.046756636392924822e+00
2.065036778154862418e+00
2.097717517344296567e+00
2.066304350670562506e+00
2.067544935500789993e+00
2.072130751514316138e+00
2.046308163747757813e+00
2.081459733671347401e+00
2.118624568437095679e+00
2.123412536448869847e+00
2.056243227353570457e+00
2.041912108449636776e+00
2.034346153429007042e+00
2.042295815994949582e+00
2.036745990221528135e+00
2.041866395341318530e+00
2.039597403584771040e+00
2.022166490073818768e+00
2.023509191442418587e+00
2.043388457647064893e+00
2.069309973849444706e+00
2.090470138872850825e+00
2.144092632640272722e+00
2.076465473791889504e+00
2.051926394514549390e+00
2.030714385558559876e+00
2.030072857175471146e+00
2.066120997232982148e+00
2.028565920494389108e+00
2.027453773679588345e+00
2.012502817465328775e+00
2.002770750548231948e+00
1.996265090289988997e+00
1.994850853903952892e+00
1.992630357214355552e+00
1.995089161989630711e+00
4.018306472659247675e+00
4.019609880149038084e+00
4.021843488313005643e+00
4.021191433422476535e+00
4.019846466514851890e+00
4.020815937629217629e+00
4.018773299922002273e+00
4.016387634754488900e+00
4.011423584542993304e+00
4.009761672318368220e+00
4.007492402753293881e+00
3.995280541534973917e+00
3.980049796754121960e+00
3.971587532886290628e+00
3.975663942953991725e+00
3.972044328952894165e+00
3.947272724648365649e+00
3.959488671414643779e+00
3.944430317632358740e+00
3.974734102392147417e+00
3.983607830638786762e+00
3.990568060761031877e+00
3.981733015054187863e+00
3.984534633818719751e+00
3.993421675153019823e+00
3.991059671011370380e+00
3.989401672162065093e+00
3.989146785166231890e+00
3.984558831625346631e+00
3.957728397881373095e+00
3.947075520496142520e+00
3.951071873278077629e+00
3.974283733983837497e+00
3.988888402452599014e+00
3.998787449830970342e+00
4.007703475215917521e+00
4.007177438731963193e+00
4.001988774524352088e+00
4.002927779626706872e+00
3.997311951382940709e+00
1.966607277511499774e+00
2.393818294859197948e+00
2.249172447113596096e+00
3.210148838773379421e+00
3.963507807058321841e+00
4.311938470035417303e+00
4.808028922047524745e+00
4.865797877060965781e+00
4.930637437534079126e+00
4.944113611603560443e+00
4.946503794639716567e+00
4.952350744491018197e+00
4.955065440452750991e+00
4.955599809557511115e+00
4.955783566847850707e+00
4.956291043729853740e+00
4.956438402483153816e+00
4.956343659631270882e+00
4.955584859749885496e+00
4.955566584474045300e+00
4.956149092724650096e+00
4.955733486334252369e+00
4.955137605318213900e+00
4.954707925277775260e+00
4.954617987223812747e+00
4.954959858041862120e+00
4.954793581379188794e+00
4.955005812394054132e+00
4.955184361648400149e+00
4.954984078430556771e+00
4.954136401714453797e+00
4.952743750612111029e+00
4.950145940082020246e+00
4.951804252355275437e+00
4.947902739024343965e+00
4.951805101576917778e+00
4.952642672010288294e+00
4.950037825505734901e+00
4.947221188876391729e+00
4.948705093041517067e+00
3.043349682653490706e+00
3.058611762995408601e+00
3.093541071620220961e+00
3.138186247663182105e+00
3.141361237806075124e+00
3.139866883453677371e+00
3.135585858383924673e+00
3.131933406948834708e+00
3.080160312730976013e+00
3.066958357026590587e+00
3.071114025943974202e+00
3.036140074733467031e+00
3.049691686816818237e+00
3.078292474599545692e+00
3.061889618037599625e+00
3.057479400865139141e+00
3.054288404836975612e+00
3.054351210055417543e+00
3.051435454848886675e+00
3.054351210055417543e+00
3.031014853481809546e+00
3.029602066910816571e+00
3.074386858893584318e+00
3.139252481967404140e+00
3.161644245527231334e+00
3.108907649288334074e+00
3.150516902422334287e+00
3.170790263811408050e+00
3.165922595320031174e+00
3.200231815446200390e+00
3.211684481469348373e+00
3.205893375698384951e+00
3.184284055822209414e+00
3.077024687249960255e+00
3.069466883923796630e+00
3.092789287758300087e+00
3.097829170411257937e+00
3.087041834654321359e+00
3.102842228954867831e+00
3.102200478795408944e+00
3.222025283943156904e+00
3.208167539340423424e+00
3.212820082223232010e+00
3.219210263629834756e+00
3.213347479832945108e+00
3.211123741455644165e+00
3.193472676833094326e+00
3.184849636531477568e+00
3.162339130334192561e+00
3.149824345305078932e+00
3.158320612801128302e+00
3.147803154186820773e+00
3.128361192702617366e+00
3.111281470148097750e+00
3.080992037661649086e+00
3.102963476340030891e+00
3.135883398254620147e+00
3.103749602515862627e+00
3.134451404964922805e+00
3.149464228309483804e+00
3.188660872665360024e+00
3.095630256440254247e+00
3.061124221273690438e+00
3.060684789620970125e+00
3.065108408064920908e+00
3.062016815230077516e+00
3.060684789620970125e+00
3.055085752323266401e+00
3.034373144880832207e+00
3.024870100340071311e+00
2.975870327684387195e+00
3.022367656636818278e+00
3.018157693017363918e+00
2.996264271831594161e+00
3.016811330856727036e+00
3.028307376547147545e+00
2.985167095298120632e+00
3.066066604963234354e+00
3.058599720909866093e+00
3.050006428807736647e+00
3.960862622216260842e+00
3.990744149870139257e+00
4.007111340831610136e+00
4.014782045503186403e+00
4.019968585484395618e+00
4.022217704880777234e+00
4.022935366053122408e+00
4.023332685258830921e+00
4.023386332624712125e+00
4.023699565490569618e+00
4.023564346779472167e+00
4.023251197721645411e+00
4.022809811526790291e+00
4.022658769213041552e+00
4.021947180163050639e+00
4.020420012267289067e+00
4.017539166639518378e+00
4.013328099168317564e+00
4.009234535005906430e+00
4.004897358462395474e+00
4.004033087709671257e+00
4.005420080659911619e+00
3.996834668943867630e+00
3.995279158878420223e+00
3.985262098647694540e+00
3.988414073991553455e+00
3.979300170288543104e+00
3.992586405464466193e+00
3.992753621958394117e+00
3.987294518088666084e+00
3.986460207399411981e+00
3.971658911430476113e+00
3.964666200073526436e+00
3.972986148633886661e+00
3.974864972847903299e+00
3.960991892990692431e+00
3.974997015512889309e+00
3.975887865209728478e+00
3.979754873831588657e+00
3.988040664867659846e+00
2.779420037984965841e+00
2.716559334135564718e+00
2.716559334135564718e+00
2.671960126879374453e+00
2.582257091423968198e+00
2.582257091423968198e+00
2.582257091423968198e+00
2.582257091423968198e+00
2.422374900618604165e+00
2.582257091423968198e+00
2.582257091423968198e+00
2.582257091423968198e+00
2.587868671471473814e+00
2.590291843164901131e+00
2.636622436725715168e+00
2.603838573890593810e+00
2.576631113797041905e+00
2.653993850156044498e+00
2.818713515296081606e+00
2.819636997580741156e+00
2.845758231580553854e+00
2.896392232783651988e+00
2.911192414658636984e+00
2.964565204110606533e+00
2.964565204110606533e+00
2.991025979375126820e+00
3.036055917619538747e+00
3.004583553942381524e+00
2.994656551063016092e+00
2.936765105571756962e+00
2.932411333412295651e+00
2.937457793494203440e+00
2.874678031196325811e+00
2.885946296957055068e+00
2.868732139026268335e+00
2.750302886591546869e+00
2.683316660042035284e+00
2.548947966765597872e+00
2.253195836024622256e+00
2.267266253385362251e+00
