4.985675357815519959e+00
4.984515960989583050e+00
4.973966932555724973e+00
4.969539973264272881e+00
4.971155111902713308e+00
4.987177678718227369e+00
4.958427280634000844e+00
4.993598452347510985e+00
5.023967946549706021e+00
5.015746873467059608e+00
5.005071047208883961e+00
5.010844858274980496e+00
4.954925720491131891e+00
4.947245206624507396e+00
4.973991512704886375e+00
4.922007137643572783e+00
4.895891258573157323e+00
4.929538121273413509e+00
4.883874222292172718e+00
4.878428600161464068e+00
4.903791745406245184e+00
4.935263573372571599e+00
4.967078117206267684e+00
4.962900127100695613e+00
4.990341113728417710e+00
4.949667303858013234e+00
4.973091541394757620e+00
4.966791043260585958e+00
4.941580909720395987e+00
4.964368779282632538e+00
4.958968886767737061e+00
4.956072093547659208e+00
4.927848322947479431e+00
4.926315318968139678e+00
4.981626804484052151e+00
4.997712651535291428e+00
4.971011659342757127e+00
4.982478854271498392e+00
4.965880080357960580e+00
4.977981237897957101e+00
3.978798551052052268e+00
3.977798906089123232e+00
3.976543218208807851e+00
3.977220411541666056e+00
3.979357413923699127e+00
3.978989709117370932e+00
3.973693790475178123e+00
3.973370036319202825e+00
3.974735721746351480e+00
3.974654436288217685e+00
3.973920801886007936e+00
3.972695222017576189e+00
3.971356306994730190e+00
3.971701464948896199e+00
3.971336761904099344e+00
3.972708957613638070e+00
3.972693628851209802e+00
3.972867619593412503e+00
3.973367167042120673e+00
3.974016520355267090e+00
3.974201736743429247e+00
3.974917525717002853e+00
3.974463871799680970e+00
3.974327224203883180e+00
3.975937223953080579e+00
3.977558490036878780e+00
3.977258675143615640e+00
3.974686511876212247e+00
3.975098924783480481e+00
3.974804946199740563e+00
3.973942099440531894e+00
3.973592664760643878e+00
3.974016277315605805e+00
3.974255407669627704e+00
3.974002913385189295e+00
3.972642865731238260e+00
3.968214101032577101e+00
3.955654673077800165e+00
3.895221180592676191e+00
3.719587093754680662e+00
3.118863121858196585e+00
2.983072353066611448e+00
2.952578290380733161e+00
2.925494780226342684e+00
2.959443809681734372e+00
2.959443809681734372e+00
3.015172378385241991e+00
3.082421307955744982e+00
3.013443231702306324e+00
3.017133419460917843e+00
2.942813716076911223e+00
2.979070728979198890e+00
3.015834255044657741e+00
3.005993256142736936e+00
2.958219963277146203e+00
2.982490619872876447e+00
2.935087883809926357e+00
2.859031329294127843e+00
2.883166958081858855e+00
2.866236751885939071e+00
2.968354666343574699e+00
2.895489169384840356e+00
2.913520587029203579e+00
2.856551764930117088e+00
2.828650969326361952e+00
2.840726622819427227e+00
2.890105302968839496e+00
2.974092522590192189e+00
2.959534608960836533e+00
3.074432048814506935e+00
3.089170282890844277e+00
3.205508033468665641e+00
3.141145471839795533e+00
3.132360780627849284e+00
3.135714329745506568e+00
3.168252779099974603e+00
3.059067046535346446e+00
2.900401627784648273e+00
2.838779268858620419e+00
2.744796584925377925e+00
2.086531794691229180e+00
2.043116548754750017e+00
2.037112311180358404e+00
2.034527003622030872e+00
2.015750391351283088e+00
1.996542836863627768e+00
1.963825475239885376e+00
1.982755381281942286e+00
2.003290300126959522e+00
2.010890836072202426e+00
1.991110868750487928e+00
1.988837256506823969e+00
1.993601040836814997e+00
2.007554489211077708e+00
2.001107636740636853e+00
2.003119495510644388e+00
2.004805376860562482e+00
1.956167501284983068e+00
1.914621268528431841e+00
1.905072150472590931e+00
1.923691475029458919e+00
1.940367245744825997e+00
1.951804434442709679e+00
1.946570950648967901e+00
1.972904842547455573e+00
1.992711859769971339e+00
1.952347310860756524e+00
1.966832339264271701e+00
1.960045350545189802e+00
1.948647597704398438e+00
1.989650548956156451e+00
1.991247629874547176e+00
2.019469525848106795e+00
2.033425067637834260e+00
2.069233645587678971e+00
2.026277873109212369e+00
1.922228001726989488e+00
1.968408939545297942e+00
2.037240962928280386e+00
2.021724363771692623e+00
1.515903477695985435e+00
1.199327362120394591e+00
1.098590246679771232e+00
1.056107561250523741e+00
9.933145700487339136e-01
9.933145700487339136e-01
9.933145700487339136e-01
9.933145700487339136e-01
9.933145700487339136e-01
1.023405598498834390e+00
1.094300181105225978e+00
1.094300181105225978e+00
1.094300181105225978e+00
1.094300181105225978e+00
1.013319850677046441e+00
9.424110943319357059e-01
9.708342995803710407e-01
1.005980943472272182e+00
1.005980943472272182e+00
1.005980943472272182e+00
1.005980943472272182e+00
1.005980943472272182e+00
1.001558294330595844e+00
1.002843339861367866e+00
9.875193570650617758e-01
9.931702418636711993e-01
1.005980943472272182e+00
1.005520657673191431e+00
1.005980943472272182e+00
1.002411056623201846e+00
9.875193570650617758e-01
9.875193570650617758e-01
9.875193570650617758e-01
9.875193570650617758e-01
1.130885621595125068e+00
1.144331945939351725e+00
1.149897204636125325e+00
1.235354623719785438e+00
1.230689614030079815e+00
1.183809227440847156e+00
