4.988894459645468515e+00
5.017017421886839301e+00
5.019758004639139237e+00
5.015247758254665733e+00
4.998016132626639241e+00
5.011182831530950565e+00
4.991226819703673989e+00
5.007610347313979027e+00
5.015512303895484081e+00
5.013051800577031258e+00
5.009125846819147299e+00
5.009294383621727853e+00
4.975465769794907622e+00
4.970099094148925367e+00
4.971032751231005520e+00
4.930824865618839148e+00
4.921205039148460969e+00
4.930995511799278752e+00
4.899203938115084256e+00
4.894085777415718930e+00
4.902991472009670559e+00
4.933861743402998989e+00
4.967431620408748749e+00
4.952664891406977965e+00
4.957964560439404700e+00
4.928379976792519379e+00
4.959479767390852167e+00
4.967402535330713853e+00
4.938848938699483604e+00
4.971172228057154641e+00
4.961855156575059489e+00
4.949979382340131018e+00
4.918682563010349007e+00
4.927543975586218039e+00
4.965612200786839736e+00
4.981788120082578430e+00
4.967168917174952014e+00
4.953671597831172946e+00
4.936696757433591820e+00
4.952383494977765643e+00
3.999462892385811319e+00
3.998571814282139592e+00
3.997138016087067314e+00
3.996271220098058574e+00
3.995206565963476120e+00
3.993461695683855339e+00
3.985384243758407941e+00
3.983561448753054623e+00
3.985175709769642971e+00
3.987111775702385508e+00
3.985969797334668385e+00
3.981365611011649541e+00
3.976791997439483417e+00
3.978251642601275950e+00
3.975970755622117547e+00
3.984025754164187028e+00
3.992053174577019359e+00
3.992538444736194236e+00
3.989019481975534909e+00
3.989412338697926774e+00
3.989642057134353159e+00
3.990565698026591779e+00
3.990119831753890622e+00
3.988331493438363573e+00
3.990032323927334090e+00
3.990797792503979924e+00
3.989442592296391865e+00
3.984709755770969863e+00
3.986770099169936188e+00
3.986346278570207957e+00
3.984468561319421731e+00
3.984146531543637071e+00
3.985015834714858762e+00
3.985495653081764900e+00
3.984806456403269692e+00
3.980739492757983555e+00
3.971170781863294863e+00
3.933554656274815375e+00
3.769099423971150387e+00
3.331265437213424718e+00
3.149390300180811675e+00
2.994716689613506677e+00
2.929808868119880394e+00
2.904595799428558500e+00
2.936479140666095056e+00
2.936479140666095056e+00
2.990220656984225123e+00
3.051977899486673973e+00
2.990719500606674242e+00
2.997321795224770824e+00
2.934479826640322475e+00
2.958750588689994743e+00
2.991630559248297239e+00
2.982801831078968569e+00
2.940217685934718439e+00
2.961797871446693264e+00
2.921216878145521889e+00
2.907212187894743671e+00
2.948985432671097140e+00
2.944747386148712121e+00
2.990006616755425117e+00
2.921856921955193087e+00
2.950284077880487743e+00
2.906699481047880784e+00
2.868359051764435286e+00
2.859149772081449825e+00
2.895729473053086700e+00
2.962230966695975631e+00
2.951666478827212448e+00
2.995209162068197095e+00
3.018312328029795655e+00
3.121117996495825331e+00
3.075968987157416734e+00
3.071360696504971788e+00
3.072423426410787695e+00
3.097976971451756878e+00
3.015440555534443678e+00
2.908833412022234555e+00
2.856265166456497528e+00
2.734990665529358544e+00
2.096410260589228081e+00
2.041641868285308359e+00
2.042238394125860612e+00
2.035093284489541521e+00
2.013383146987957506e+00
2.004875077154661955e+00
1.977184586075636741e+00
1.988777321527978703e+00
2.007404210171691794e+00
2.014626176835600191e+00
1.991614967802688430e+00
1.986124989772711569e+00
1.989013235366836607e+00
2.000130754881863204e+00
1.995055809699705307e+00
1.991962386896480641e+00
1.983417429881754845e+00
1.946239321688529422e+00
1.902590913391483785e+00
1.881986094366739692e+00
1.893535005361416168e+00
1.907256856290760805e+00
1.919668914037643059e+00
1.908654933491437777e+00
1.944652951226562010e+00
1.980861473911541104e+00
2.029768012768361718e+00
2.041106748038877150e+00
2.045171605277737559e+00
2.067949533588298472e+00
2.129251674450858278e+00
2.162631777886051765e+00
2.205798843370478046e+00
2.234523246662530660e+00
2.285444511004492529e+00
2.236930178259716850e+00
2.023517607582681510e+00
1.935233077322170647e+00
1.929712268143365161e+00
1.872621475578886141e+00
1.626877373071708988e+00
1.279185372436767221e+00
1.152600382085847031e+00
1.094693946607588675e+00
1.001654809630829313e+00
1.001654809630829313e+00
1.001654809630829313e+00
1.001654809630829313e+00
1.001654809630829313e+00
1.039832469024183137e+00
1.130949835126669356e+00
1.130949835126669356e+00
1.130949835126669356e+00
1.130949835126669356e+00
1.027031730626493555e+00
9.165921269204881927e-01
9.364398627908459005e-01
9.830454783395868867e-01
9.830454783395868867e-01
9.830454783395868867e-01
9.830454783395868867e-01
9.830454783395868867e-01
9.856040640600882696e-01
9.848391293657429157e-01
9.955823555039379213e-01
9.911434519652401187e-01
9.830454783395868867e-01
9.833024656316565748e-01
9.830454783395868867e-01
9.850943600429028502e-01
9.955823555039379213e-01
9.955823555039379213e-01
9.955823555039379213e-01
9.955823555039379213e-01
1.108331142878725029e+00
1.118167420145508961e+00
1.126143671973818261e+00
1.250975208334678790e+00
1.239441386352418961e+00
1.106358017779061953e+00
