2.003451978385646814e+00
2.003235224794789993e+00
2.003758058031507083e+00
2.003977175179719517e+00
2.003351889563844246e+00
2.003110752406600081e+00
2.002880087277060461e+00
2.002780914490267072e+00
2.002765589351593434e+00
2.002797659524108820e+00
2.002750975610998019e+00
2.002826607215159260e+00
2.002800964012692031e+00
2.002749907830928322e+00
2.002743886924173822e+00
2.002786305932333200e+00
2.002842255331617416e+00
2.002884113135219302e+00
2.002771619383247881e+00
2.002794809032166334e+00
2.002916466130665096e+00
2.002836476422198864e+00
2.002894033693167319e+00
2.002969161992069758e+00
2.003087476331852468e+00
2.003105602585989686e+00
2.003118682525943051e+00
2.003725107611630918e+00
2.031400621846594312e+00
2.027911712839005176e+00
2.021878862447219927e+00
2.064541955876614487e+00
2.092855782481262139e+00
2.154383691877641560e+00
2.291636775224062283e+00
2.148534747562921066e+00
2.081558027951287304e+00
2.023821713635619357e+00
2.005616453546464228e+00
2.008281698378328262e+00
2.007827512710577800e+00
2.008197451626201335e+00
2.004493710564992259e+00
2.003432111506744384e+00
2.003394260715944064e+00
2.003450008452604791e+00
2.003354856424945485e+00
2.003229038479519719e+00
2.003362338907313855e+00
2.003070736167143373e+00
2.002991304154139840e+00
2.005492759595806085e+00
2.065957133944323676e+00
2.100029736437531547e+00
2.094795737832396032e+00
2.100337075915383434e+00
2.069766605451563546e+00
2.045665609444228483e+00
2.096645466790417078e+00
2.077166123095608885e+00
2.085120508759159996e+00
2.015603416708129814e+00
2.005316661859017913e+00
2.006344276442605601e+00
2.005387186629281171e+00
2.003317094049545055e+00
2.002850307555830600e+00
2.002784842938527099e+00
2.002763682555072755e+00
2.002804220681492886e+00
2.002829480004990614e+00
2.002769825773020873e+00
2.002787212093465996e+00
2.002802200662995080e+00
2.002823064176063816e+00
2.002868381598727598e+00
2.002820978623562009e+00
2.002798957072985164e+00
2.002824255455083691e+00
2.002770374102326834e+00
2.963356145349060888e+00
3.066180599509618077e+00
3.118511105117483417e+00
3.191226230648858575e+00
3.138275845886130178e+00
3.073170568156860405e+00
3.125357524231528572e+00
3.151097904016779694e+00
3.029906946069299778e+00
3.018480882432247547e+00
3.013432233869651977e+00
3.013432233869651977e+00
2.953672023734444707e+00
2.890343836538246336e+00
2.894508599826197237e+00
2.921956390142910642e+00
2.979297336460403400e+00
2.979297336460403400e+00
2.979297336460403400e+00
2.979297336460403400e+00
2.979297336460403400e+00
2.979297336460403400e+00
3.011461658837764510e+00
2.902779131179677563e+00
2.879844987042853965e+00
2.903005620708203782e+00
2.931505665865691501e+00
2.879844987042853965e+00
2.879844987042853965e+00
2.881064729931231305e+00
2.977777718318678879e+00
3.013432233869651977e+00
3.013432233869651977e+00
3.062661855830710600e+00
3.055325794553161778e+00
3.019726350989931696e+00
3.013432233869651977e+00
3.013432233869651977e+00
3.057227750640358011e+00
3.048335146537939355e+00
3.039670912925545032e+00
2.978037956629259408e+00
2.939950270134689347e+00
2.850928626999142068e+00
2.852847829568615268e+00
2.905805640000441947e+00
2.905805640000441947e+00
2.905805640000441947e+00
2.905805640000441947e+00
2.956079804251724230e+00
2.912878113462237906e+00
2.905805640000441947e+00
2.905805640000441947e+00
2.875119290227423186e+00
2.895421720742747063e+00
2.920230178650896846e+00
2.935087950235297782e+00
2.974061198607534262e+00
2.978037956629259408e+00
2.978037956629259408e+00
3.002537308477029931e+00
3.073694945409560120e+00
3.073694945409560120e+00
3.073694945409560120e+00
3.086039928361432594e+00
3.073694945409560120e+00
3.073694945409560120e+00
3.073694945409560120e+00
3.162200329586974945e+00
3.180203541491022357e+00
3.180203541491022357e+00
3.143957688240869075e+00
3.188389466024768915e+00
3.188389466024768915e+00
3.188389466024768915e+00
3.188389466024768915e+00
3.352774939043444036e+00
3.505304109014192981e+00
3.494556428665289260e+00
3.493830989196629488e+00
2.000610424000353049e+00
1.997703729224590941e+00
1.991329015555290738e+00
1.987787692043407883e+00
1.980675880907106334e+00
1.987387702141298895e+00
1.989038480832185485e+00
2.001486476416235671e+00
2.000265171269505426e+00
1.999703616826031816e+00
1.999775098218692371e+00
2.001806697536105073e+00
2.004196121138933417e+00
2.003994334391922649e+00
2.003546246194286784e+00
2.003361856031005583e+00
2.004179108704623236e+00
2.004046546753708302e+00
2.004839405431512400e+00
2.004702156431347859e+00
2.004959632969074868e+00
2.005293640574515646e+00
2.004734951688118105e+00
2.005946894575308725e+00
2.009006710306182608e+00
2.020406060319538621e+00
2.023738076992177781e+00
2.012114962541517116e+00
2.011352497719940402e+00
2.008627129083945473e+00
2.005733556228440406e+00
2.004990842989919919e+00
2.003546259348920167e+00
2.003361794785507577e+00
2.003385586150719710e+00
2.003171788915506291e+00
2.003284346789698578e+00
2.004045044388010677e+00
2.004392820558729582e+00
2.003946391152421569e+00
2.671342873408411478e+00
2.671342873408411478e+00
2.671342873408411478e+00
2.649157629453867457e+00
2.585421661726342357e+00
2.720116555430617034e+00
2.720116555430617034e+00
2.720116555430617034e+00
2.733898977643247630e+00
2.775635888482863578e+00
2.775635888482863578e+00
2.802189170036979426e+00
2.837778142110705559e+00
2.837778142110705559e+00
3.063657272484952010e+00
3.348377397808848244e+00
3.348377397808848244e+00
3.338799686128572475e+00
3.248847348398374635e+00
3.352083774219287271e+00
3.827272654046741884e+00
3.913526052621224771e+00
3.951135751599884394e+00
3.892250599012541556e+00
3.553698142262899928e+00
3.279114247725641640e+00
3.279114247725641640e+00
3.308617192720305411e+00
3.394563738088807625e+00
3.220959739249646958e+00
2.860816251286807166e+00
2.865454275927462824e+00
2.914329477438147187e+00
2.860816251286807166e+00
2.837995445697564456e+00
2.780120206209204525e+00
2.786416057298142235e+00
2.775848201499523604e+00
2.733898977643247630e+00
2.766047142613762944e+00
1.812773329981804959e+00
1.662766400879876816e+00
1.224647068349807189e+00
1.270470812923803372e+00
1.284692168082874453e+00
1.274515440205174155e+00
1.224647068349807189e+00
1.269410765773317351e+00
1.224647068349807189e+00
1.224647068349807189e+00
1.224647068349807189e+00
1.224647068349807189e+00
1.224647068349807189e+00
1.224647068349807189e+00
1.224647068349807189e+00
1.224647068349807189e+00
1.224647068349807189e+00
1.224647068349807189e+00
1.224647068349807189e+00
1.224647068349807189e+00
1.224647068349807189e+00
1.224647068349807189e+00
1.224647068349807189e+00
9.312230030798204217e-01
6.536433122067701884e-01
6.536433122067701884e-01
6.536433122067701884e-01
6.536433122067701884e-01
6.536433122067701884e-01
6.536433122067701884e-01
6.536433122067701884e-01
6.536433122067701884e-01
6.536433122067701884e-01
8.688748046207611653e-01
1.224647068349807189e+00
1.224647068349807189e+00
1.224647068349807189e+00
1.224647068349807189e+00
1.224647068349807189e+00
1.224647068349807189e+00
4.021858419347838165e+00
4.009193176116006896e+00
4.018721003597931940e+00
4.017346838870692771e+00
4.023514368232025795e+00
4.024548689971042315e+00
4.025494932652192936e+00
4.025807130063683736e+00
4.025533127650334997e+00
4.023748962686668484e+00
4.020128653105760286e+00
4.011148988062609000e+00
4.004278516968375889e+00
4.001122572280793932e+00
4.003066580779947259e+00
4.012980063637669126e+00
4.015163007838483900e+00
4.019485158704839911e+00
4.020950921411784229e+00
4.018364411488035692e+00
4.016687400139875130e+00
4.017198306483434678e+00
4.014822092290759592e+00
4.014843044266570793e+00
4.014855037099635204e+00
4.012260732873257574e+00
4.006944107764749852e+00
4.011342960147580960e+00
4.011282420468922361e+00
4.009774799440164017e+00
4.009166032607225816e+00
4.011977742895594723e+00
4.010504629363249585e+00
4.013331810122010346e+00
4.013903116261592352e+00
4.012998205413911279e+00
4.011341739877608781e+00
4.005013052886205571e+00
4.001088866889514151e+00
4.004512115298185293e+00
3.674800288916515001e+00
3.590151341683935016e+00
3.637136165674740518e+00
3.667548405898553909e+00
3.667548405898553909e+00
3.650198201314895918e+00
3.242772656982977786e+00
3.543077958363012314e+00
3.884554419468176256e+00
3.857054642499456065e+00
4.286283545632849190e+00
4.509060700008070910e+00
4.752063567191499693e+00
4.837023915921813355e+00
4.830845561005202349e+00
4.877562843645146806e+00
4.749477278374980571e+00
4.818840876523812433e+00
4.852823693212270584e+00
4.828838358958915222e+00
4.840134399233614992e+00
4.761369474555193548e+00
4.761288044977121992e+00
4.631099367104228648e+00
4.636188010726669972e+00
4.525251449837789153e+00
4.730791230587751528e+00
4.845613061662808363e+00
4.821997630584587746e+00
4.665528102667281907e+00
4.767423878313479690e+00
4.561755622890625972e+00
4.546459955141767040e+00
4.683531807432557592e+00
4.615086545170974830e+00
4.527660046890537693e+00
4.604888996475384744e+00
4.521467101214172501e+00
4.452984772461007879e+00
4.687522070370182092e+00
4.895967029882420718e+00
4.911057617531683128e+00
4.866913356949842395e+00
4.920711514822243338e+00
4.840925069850711360e+00
4.910116046485993202e+00
4.931301573181832154e+00
4.929393451927156278e+00
4.930079474397675021e+00
4.961583104950888057e+00
4.969565505785960902e+00
4.949698134788941495e+00
4.971963879901845296e+00
4.935173046477731695e+00
4.948359628367966501e+00
4.959274818832157372e+00
4.958386046283086657e+00
4.972199333347674610e+00
4.973315443899066324e+00
4.902255895703640398e+00
4.876893614171465607e+00
4.876632051471981200e+00
4.885190411342063221e+00
4.863398215219230991e+00
4.846725700791891356e+00
4.797959854356518505e+00
4.797959854356518505e+00
4.761256437746500758e+00
4.788270961598154685e+00
4.848868940341330536e+00
4.801501277954480784e+00
4.869359691516420341e+00
4.886152660729423225e+00
4.886428040030946995e+00
4.891285070430237525e+00
4.898969275784892830e+00
4.902125966833944304e+00
4.900095376615579035e+00
4.869480675309012518e+00
4.872862209574599035e+00
9.045215861184149331e-01
9.045215861184149331e-01
9.045215861184149331e-01
9.045215861184149331e-01
9.045215861184149331e-01
9.045215861184149331e-01
9.045215861184149331e-01
8.883358377517706073e-01
8.798664685463220003e-01
8.738923030943948067e-01
8.738923030943948067e-01
8.738923030943948067e-01
8.738923030943948067e-01
8.738923030943948067e-01
8.738923030943948067e-01
8.738923030943948067e-01
8.738923030943948067e-01
8.738923030943948067e-01
8.738923030943948067e-01
8.738923030943948067e-01
8.738923030943948067e-01
8.738923030943948067e-01
8.738923030943948067e-01
8.738923030943948067e-01
8.738923030943948067e-01
8.738923030943948067e-01
8.738923030943948067e-01
8.738923030943948067e-01
8.738923030943948067e-01
8.738923030943948067e-01
8.738923030943948067e-01
8.738923030943948067e-01
8.738923030943948067e-01
8.796915087934537025e-01
1.126724197407293682e+00
8.164940241156475320e-01
8.738923030943948067e-01
8.912642141237411275e-01
1.130812680640934875e+00
1.059684015808584068e+00
3.961808841866364617e+00
3.962874111095942453e+00
4.015041049584353594e+00
4.018655292762985276e+00
4.019460741876931031e+00
4.021923742768913179e+00
4.021555819947250754e+00
4.017633686808618876e+00
4.015447912281097764e+00
4.015773115279697159e+00
4.016260644510115441e+00
4.015942311935219777e+00
4.016890435555940719e+00
4.014729185833808778e+00
4.014327210091037657e+00
4.014368613337706115e+00
4.016203335733069757e+00
4.016099795306283582e+00
4.013787094817639733e+00
4.010206920608218262e+00
4.010927727160206402e+00
4.009647090715181328e+00
4.010486200999316964e+00
4.010781972902730530e+00
4.011977198917275445e+00
4.002483500553006834e+00
3.997264637109591234e+00
3.993954337227525464e+00
4.000764602019195593e+00
3.993863026604693722e+00
3.980303965997076254e+00
3.991846001387945542e+00
3.997498972624259572e+00
3.986806676012314199e+00
3.988395314099526523e+00
4.004919845766091058e+00
4.007601272947706406e+00
4.006258935782987862e+00
4.000425571332220542e+00
4.009294411441533867e+00
4.857817526906878847e+00
4.861468152846665447e+00
4.876363001112664186e+00
4.817196526065553819e+00
4.838514984928129259e+00
4.944056149358633689e+00
4.997068468745560210e+00
5.011045435785939084e+00
5.019456190022024700e+00
5.025634776125307290e+00
5.000422785471361209e+00
4.882371490850801798e+00
4.830976319834697996e+00
4.955933557166422254e+00
4.954160365343544647e+00
4.949398915678946409e+00
4.948959922508396225e+00
4.939349614934267052e+00
4.943053808993700393e+00
4.921349381536752610e+00
4.911666158291392748e+00
4.895543631721753997e+00
4.930714305820688814e+00
4.953382162206484196e+00
4.937064825017210445e+00
4.856942805826537146e+00
4.865856951975702671e+00
4.867334623163067420e+00
4.856334539759196822e+00
4.850010993912693635e+00
4.899320061574814034e+00
4.899851898293098529e+00
4.888424708409161212e+00
4.902275281400067186e+00
4.921670806159607281e+00
4.922057344556033165e+00
4.907620043464159920e+00
4.901701819081059064e+00
4.908670129192922893e+00
4.943794490489523241e+00
1.119540551448991339e+00
1.017209774425724689e+00
1.119540551448991339e+00
1.119540551448991339e+00
1.119540551448991339e+00
1.119540551448991339e+00
1.119540551448991339e+00
1.119540551448991339e+00
1.119540551448991339e+00
1.119540551448991339e+00
1.119540551448991339e+00
1.119540551448991339e+00
8.975740238948785032e-01
6.229747434433938746e-01
6.032709553585369200e-01
5.742192582794156674e-01
7.937659392724831786e-01
9.035165990882600973e-01
9.035165990882600973e-01
9.035165990882600973e-01
9.035165990882600973e-01
7.928449067845586562e-01
6.032709553585369200e-01
6.032709553585369200e-01
6.032709553585369200e-01
1.006079995049198761e+00
1.119540551448991339e+00
1.360766793647896655e+00
1.462299169485110628e+00
1.462299169485110628e+00
1.462299169485110628e+00
1.462299169485110628e+00
1.462299169485110628e+00
1.462299169485110628e+00
1.462299169485110628e+00
1.462299169485110628e+00
1.462299169485110628e+00
1.290495105468988157e+00
1.119540551448991339e+00
1.113763559206575104e+00
3.968498129820127396e+00
4.011493544291656832e+00
4.014772505759363952e+00
4.017984706031080044e+00
4.014250746308309026e+00
4.007335834241291472e+00
4.000487919402930359e+00
3.999828536169656168e+00
3.995230635285427212e+00
3.996280990810620715e+00
4.011387642979395096e+00
4.003974878285585071e+00
4.011748326449605884e+00
4.013366210196159578e+00
4.014766477123376198e+00
4.014998341681218719e+00
4.015835863420012863e+00
4.015861373599967976e+00
4.015646486310615160e+00
4.015714294524458161e+00
4.015332926436714800e+00
4.015037076134861493e+00
4.014918126997351067e+00
4.015303049173816419e+00
4.014797329584418151e+00
4.014940908735261438e+00
4.014663844828416650e+00
4.014484668872100315e+00
4.014753076887355832e+00
4.015768323146342134e+00
4.034112088683309949e+00
4.042506248768948929e+00
4.042725879893647623e+00
4.045789212796846002e+00
4.047916354771693648e+00
4.048693357802803483e+00
4.086168384864794056e+00
4.105746707715243637e+00
4.225419236717454119e+00
4.207153599223466323e+00
