1.136683754390018120e+00
1.136683754390018120e+00
1.136683754390018120e+00
1.136683754390018120e+00
1.136683754390018120e+00
1.136683754390018120e+00
1.136683754390018120e+00
1.136683754390018120e+00
1.136683754390018120e+00
1.136683754390018120e+00
1.136683754390018120e+00
1.136683754390018120e+00
1.136683754390018120e+00
1.136683754390018120e+00
1.136683754390018120e+00
1.136683754390018120e+00
1.136683754390018120e+00
1.136683754390018120e+00
1.136683754390018120e+00
1.136683754390018120e+00
1.136683754390018120e+00
1.136683754390018120e+00
1.136683754390018120e+00
1.136683754390018120e+00
1.136683754390018120e+00
1.136683754390018120e+00
1.136683754390018120e+00
1.136683754390018120e+00
1.136683754390018120e+00
1.136683754390018120e+00
1.136683754390018120e+00
1.136683754390018120e+00
1.136683754390018120e+00
1.136683754390018120e+00
1.136683754390018120e+00
1.136683754390018120e+00
1.136683754390018120e+00
1.136683754390018120e+00
1.136683754390018120e+00
1.136683754390018120e+00
2.238086316085558636e+00
2.238302506029931749e+00
2.238837258169171562e+00
2.241665218483086974e+00
2.248285251673070029e+00
2.238313967588797748e+00
2.242455096360283395e+00
2.423433578589721193e+00
2.433295291648029490e+00
2.211023560198537741e+00
2.209177089659247084e+00
2.213763277436443300e+00
2.206039031300041309e+00
2.189862072306566709e+00
2.201539941159267766e+00
2.193176426503627319e+00
2.100425932186542610e+00
2.157866065603323502e+00
2.202319193550232868e+00
2.210585248983831352e+00
2.192471829339261991e+00
2.206824283367669892e+00
2.219431304528355575e+00
2.212684477910377367e+00
2.210047619853340084e+00
2.216972680312830679e+00
2.224304233062959213e+00
2.210911416131613461e+00
2.205596542873932808e+00
2.227776974684215539e+00
2.226559241689836544e+00
2.213367563100363533e+00
2.221777642161682831e+00
2.232678892489405875e+00
2.232311134681527420e+00
2.235718125245066634e+00
2.235597044171629300e+00
2.235088257195664951e+00
2.236735504923743623e+00
2.225373455508418363e+00
3.994806833621642461e+00
3.994802655343610009e+00
3.994802661183142867e+00
3.994792398133961253e+00
3.994793593247874419e+00
3.994790053039744215e+00
3.994719516027973150e+00
3.994756987860902608e+00
3.994723076429942399e+00
3.994708174247959320e+00
3.994715315519386856e+00
3.994723843568406263e+00
3.994467714601830366e+00
3.994525580820591948e+00
3.994291002403025814e+00
3.987816353470755359e+00
3.980034777366483034e+00
3.957085928561459909e+00
3.907696962555725850e+00
3.918854275271662857e+00
3.903023435251210316e+00
3.908269564810644248e+00
3.906379866170521797e+00
3.905225432875390368e+00
3.903722099027729264e+00
3.904761368349332074e+00
3.908152451525316096e+00
3.903598607314619162e+00
3.901440934672109506e+00
3.880869282101452988e+00
3.887228111622557769e+00
3.898954883601532195e+00
3.902226196808071812e+00
3.904651787684719100e+00
3.904159815126025279e+00
3.904415182564914044e+00
3.908098831115094818e+00
3.947419851904048205e+00
3.973248999220325040e+00
3.990914952341025668e+00
4.846333907762749860e+00
4.846330499324642105e+00
4.846334314224333362e+00
4.846326360568273373e+00
4.846310509232897523e+00
4.846312505008807392e+00
4.846312023691091042e+00
4.846265386026379574e+00
4.846276847324484827e+00
4.846255038707272256e+00
4.846292244234048141e+00
4.846274848546483938e+00
4.846215932865733933e+00
4.846070580443657683e+00
4.846197596334749669e+00
4.846288624082939478e+00
4.846306057882678431e+00
4.842564778798651659e+00
4.843130529351919122e+00
4.845124200276822002e+00
4.845664824848944008e+00
4.845469865585424252e+00
4.846109136469404888e+00
4.846306585741110950e+00
4.846323094905415019e+00
4.846330659304361355e+00
4.846339002280027231e+00
4.846338240263172281e+00
4.846338831310339046e+00
4.846339119920408223e+00
4.846339484272891518e+00
4.846339184159385916e+00
4.846337155957495035e+00
4.846329449781845433e+00
4.846328040824745109e+00
4.846325206807831520e+00
4.845483658932647764e+00
4.845993990851210853e+00
4.845966562387798326e+00
4.838949517044557780e+00
1.154660522971856951e+00
1.154660522971856951e+00
1.154660522971856951e+00
1.154660522971856951e+00
1.154660522971856951e+00
1.154660522971856951e+00
1.154660522971856951e+00
1.154660522971856951e+00
1.154660522971856951e+00
1.154660522971856951e+00
1.154660522971856951e+00
1.003363153530611118e+00
8.352240370227150823e-01
8.352240370227150823e-01
4.549397489047906640e-01
4.710272808811662992e-01
4.710272808811662992e-01
4.710272808811662992e-01
4.710272808811662992e-01
4.710272808811662992e-01
4.710272808811662992e-01
6.388636719143405696e-01
8.559105864807433628e-01
8.494996545146721312e-01
1.087205026570864597e+00
1.136683754390018120e+00
1.136683754390018120e+00
1.112182496813008070e+00
1.154660522971856951e+00
1.154660522971856951e+00
1.154660522971856951e+00
1.154660522971856951e+00
1.154660522971856951e+00
1.154660522971856951e+00
1.154660522971856951e+00
1.154660522971856951e+00
1.154660522971856951e+00
1.154660522971856951e+00
1.154660522971856951e+00
1.154660522971856951e+00
2.994930219431190643e+00
2.994930219431190643e+00
2.958584378322713260e+00
2.972054031895220216e+00
3.012584918420372126e+00
2.966464766050784796e+00
2.949345920592079118e+00
2.939977707002991991e+00
2.939977707002991991e+00
2.896417260713552544e+00
2.994570998089103320e+00
2.871061010548634940e+00
2.938569892749931523e+00
2.939977707002991991e+00
2.976356004307273206e+00
2.939248122597565072e+00
2.939393887401792860e+00
2.939977707002991991e+00
2.939977707002991991e+00
2.939977707002991991e+00
2.922196302077417762e+00
2.939977707002991991e+00
2.923621525904785745e+00
2.869531227551831876e+00
2.801202945899611052e+00
2.869742290984782063e+00
2.957499994087658735e+00
2.957499994087658735e+00
2.972433917228666012e+00
2.979469941418309897e+00
2.963412580136094210e+00
2.979469941418309897e+00
2.979469941418309897e+00
2.979469941418309897e+00
3.016111089763181763e+00
3.049085498569862551e+00
2.985040361060508296e+00
3.028703998064052438e+00
2.979469941418309897e+00
2.967509602555864046e+00
2.934376276460857191e+00
2.934376276460857191e+00
2.939669575065296581e+00
2.939977707002991991e+00
3.075227207162383625e+00
2.997996299825107513e+00
3.008008460678461837e+00
2.994930219431190643e+00
2.987222939256673815e+00
3.058731912015456356e+00
3.065307304991629511e+00
3.046252853585852183e+00
3.096972569662030939e+00
3.087189914520570344e+00
3.101100277088724155e+00
3.101100277088724155e+00
3.100095583328212889e+00
3.098031953837702801e+00
3.082735302790673870e+00
3.087189914520570344e+00
3.101100277088724155e+00
3.103534677888230675e+00
3.109641071436115567e+00
3.150321436061626290e+00
3.120405699638711727e+00
3.130823475837269498e+00
3.158077135567471494e+00
3.150321436061626290e+00
3.096567872902691754e+00
3.069358938395882141e+00
3.150321436061626290e+00
3.062716868617264776e+00
3.109560153645544389e+00
3.067031155414539079e+00
3.129930645928736155e+00
3.134293630593405044e+00
3.070857839898201824e+00
3.060111854082788074e+00
3.012174020539895913e+00
3.047468625215682181e+00
2.237269695175557072e+00
2.237251412672898176e+00
2.237030778340247661e+00
2.236651073070030638e+00
2.236856486876483086e+00
2.234117455862020929e+00
2.234109224495405055e+00
2.235925873525698382e+00
2.236389430247460286e+00
2.234310280612314514e+00
2.235055444991258078e+00
2.235323792113417696e+00
2.236568784472479532e+00
2.236887889906156612e+00
2.236918159969214948e+00
2.237509482107631786e+00
2.248713001026885649e+00
2.250314771036459494e+00
2.254085482929124584e+00
2.262550108969911378e+00
2.398696619600381386e+00
2.310007965416940312e+00
2.333370952705523749e+00
2.410368371947741561e+00
2.399281984115205102e+00
2.271598179430319497e+00
2.240146709308410422e+00
2.238679507045039596e+00
2.241799820417676781e+00
2.243535915220933763e+00
2.237535509460407468e+00
2.237682898598048808e+00
2.237706595496114836e+00
2.237378459780567930e+00
2.237087737266068466e+00
2.237940513751309091e+00
2.237663627263301702e+00
2.237810193964984595e+00
2.237713514264537906e+00
2.235458100028645312e+00
4.843596200820885933e+00
4.842280383821596423e+00
4.827105844529207879e+00
4.838411480777037532e+00
4.842919072191572027e+00
4.838108486498204464e+00
4.820488736868933088e+00
4.827885223231351830e+00
4.838961366658298680e+00
4.827844796013899931e+00
4.830488185067125073e+00
4.826077894418834724e+00
4.837363879660338206e+00
4.836343618014781853e+00
4.833270925271022200e+00
4.831006745646784672e+00
4.814452254653930119e+00
4.821611917694889726e+00
4.779925529360706804e+00
4.716819395746359334e+00
4.683788956644565182e+00
4.795069809214071554e+00
4.828694059826313278e+00
4.829839102988647603e+00
4.833876557116451700e+00
4.839080578646398401e+00
4.835032143053402898e+00
4.837066574055825185e+00
4.837257837189431697e+00
4.838532761747841526e+00
4.840148512625861876e+00
4.839480229558359881e+00
4.840881375413130350e+00
4.841915536896225447e+00
4.835442785360798190e+00
4.817030969844553923e+00
4.824747842089735173e+00
4.820967652958753291e+00
4.810906537952845952e+00
4.778791405776930290e+00
4.836636320829548197e+00
4.833388369531324891e+00
4.837712312286065242e+00
4.841849364436156655e+00
4.843716436925163293e+00
4.841909045375168752e+00
4.841608958120604100e+00
4.844697048031228803e+00
4.845664223641394486e+00
4.845862559321585827e+00
4.845723036570178444e+00
4.845738071519014589e+00
4.845994997172101471e+00
4.845988355810786352e+00
4.845536571821272176e+00
4.846102690474009655e+00
4.846080475368404805e+00
4.845799248598124720e+00
4.844894884013390524e+00
4.845756968510920082e+00
4.846116454538663021e+00
4.846203716656798832e+00
4.846068608811849643e+00
4.845941153193889406e+00
4.845955414151069007e+00
4.845215322567091754e+00
4.845172365941955661e+00
4.845314682545912355e+00
4.845553928075070793e+00
4.844206222650907279e+00
4.841117286205766312e+00
4.831860233910274083e+00
4.834783692803154231e+00
4.840543179301043608e+00
4.837159265316899770e+00
4.841450740128752983e+00
4.844655250320321294e+00
4.845227144371855310e+00
4.845857455407426961e+00
4.845140067669689188e+00
3.073244900510862632e+00
3.073244900510862632e+00
3.073244900510862632e+00
3.063984514120145164e+00
3.068572425897067024e+00
3.076817997774629276e+00
3.041309651723978380e+00
3.035927778534210919e+00
3.025374417631599311e+00
3.004645949422593443e+00
3.008264314671554640e+00
3.022677189616740812e+00
3.037695656752819051e+00
3.040257386450776700e+00
3.036362068097569811e+00
3.047562164483187175e+00
3.034705385306638803e+00
3.027666687240406773e+00
3.035077723990908805e+00
3.048946333269633158e+00
3.037559952614520498e+00
3.035798527835360971e+00
3.035077723990908805e+00
3.049217195856739782e+00
3.055485947039867867e+00
3.058420935075648828e+00
3.055414572352879166e+00
3.061808427163356772e+00
3.058659920049368708e+00
3.046340811966596451e+00
3.047077934051427128e+00
3.052676847749801858e+00
3.046896277952570120e+00
3.042212410019417668e+00
3.039350704186911667e+00
3.046340811966596451e+00
3.046340811966596451e+00
3.046340811966596451e+00
3.046663948151941081e+00
3.046500344391513959e+00
2.135501793956267491e+00
2.008609227680731912e+00
2.020552693494407137e+00
2.109593561409763396e+00
2.080409856684769299e+00
2.050715240154887375e+00
1.968955672290230385e+00
1.954504739545210201e+00
1.900532551452674968e+00
2.054889134383100835e+00
1.923431177241666790e+00
1.962324706112850148e+00
1.992033577128818900e+00
1.943373950170447451e+00
1.864518065212653397e+00
1.980713137246282285e+00
1.994940626027197794e+00
2.019059452900060947e+00
2.107850303384813273e+00
2.079836144835622402e+00
2.041316722036234044e+00
1.977888141430127034e+00
1.917938871905686460e+00
1.886917036743427145e+00
1.714534082141764504e+00
1.759651953024142124e+00
2.204950093502477504e+00
2.155819490106973824e+00
2.204030231402562823e+00
2.231379161302715186e+00
2.241569903623011673e+00
2.233681822477402878e+00
2.235850092554755975e+00
2.235248720300941905e+00
2.234638090772896657e+00
2.235619605859532122e+00
2.157641419360647017e+00
2.202086391288692990e+00
2.205087228830659996e+00
2.176754546445482941e+00
3.994794670991486107e+00
3.994791561042470018e+00
3.994739833009886887e+00
3.994740184673624572e+00
3.994713661741692068e+00
3.994618851969108597e+00
3.994581153581006738e+00
3.994084291033455525e+00
3.994142424945880787e+00
3.994115479886422904e+00
3.993823236887152461e+00
3.993666462953014307e+00
3.993694851513048150e+00
3.992796275994037636e+00
3.990766182043855803e+00
3.990417123796705656e+00
3.986024313220383419e+00
3.988893161819752287e+00
3.985252920123573794e+00
3.985795262727362953e+00
3.968940765642631874e+00
3.968361437156944227e+00
3.923367079983429928e+00
3.962862059000104686e+00
3.964422984859449439e+00
3.969740120690233631e+00
3.980362514521286421e+00
3.981234454239575449e+00
3.980812204212424543e+00
3.974435904897775096e+00
3.978945168156248435e+00
3.986351451563124648e+00
3.991885298620378553e+00
3.992396873589871387e+00
3.992588638961443337e+00
3.992748101590399390e+00
3.993297096948678071e+00
3.993538497589806724e+00
3.993627770965071377e+00
3.993884661840777728e+00
3.777493146262135504e+00
3.828469623309452174e+00
3.748632407131286648e+00
3.767794408073485535e+00
3.844311269328964276e+00
3.876448421775712916e+00
3.917258478076352635e+00
3.927991686732796861e+00
3.939527782923565091e+00
3.936190512125958829e+00
3.890240253752018873e+00
3.885861561235129713e+00
3.930731226882862472e+00
3.978440574070640334e+00
3.990100719120983186e+00
3.989137030429397157e+00
3.991820106229457377e+00
3.991895750754859584e+00
3.992256546685697849e+00
3.993415667887537879e+00
3.993904369845765245e+00
3.994300603355581902e+00
3.994410126829265995e+00
3.994223818431520634e+00
3.993165010425737460e+00
3.993578708141225064e+00
3.993568582074690454e+00
3.993546129711101234e+00
3.993521429405638479e+00
3.993699478604706865e+00
3.993809503679594197e+00
3.993847840527296800e+00
3.993966999541477048e+00
3.993078131386102125e+00
3.992214910016746998e+00
3.992355864507384222e+00
3.992507232608662360e+00
3.992703092919931418e+00
3.992850527090619384e+00
3.993206744278002152e+00
7.828921559345315417e-01
7.828921559345315417e-01
7.828921559345315417e-01
7.828921559345315417e-01
9.354601211091846391e-01
1.154660522971856951e+00
1.154660522971856951e+00
8.994676497755292877e-01
7.828921559345315417e-01
7.828921559345315417e-01
7.828921559345315417e-01
7.828921559345315417e-01
7.828921559345315417e-01
7.828921559345315417e-01
7.828921559345315417e-01
7.828921559345315417e-01
8.231364219209027500e-01
1.154660522971856951e+00
1.154660522971856951e+00
1.154660522971856951e+00
1.154660522971856951e+00
1.154660522971856951e+00
1.154660522971856951e+00
1.154660522971856951e+00
1.154660522971856951e+00
1.154660522971856951e+00
1.154660522971856951e+00
1.154660522971856951e+00
1.154660522971856951e+00
1.154660522971856951e+00
1.154660522971856951e+00
1.154660522971856951e+00
1.154660522971856951e+00
1.154660522971856951e+00
1.154660522971856951e+00
1.154660522971856951e+00
1.154660522971856951e+00
8.618196135405520319e-01
8.214636518200585380e-01
1.400615118455663000e+00
