5.010022820142983058e+00
5.148028231226762230e+00
5.175090756365694489e+00
5.165066613349083013e+00
5.111253228542434357e+00
5.089562817976864828e+00
5.023101252530041805e+00
5.046795111394689393e+00
5.036651327348605101e+00
5.056430717935528563e+00
5.070052309876833974e+00
5.048445000418317896e+00
4.970134790234049582e+00
4.917791953501721380e+00
5.007776490340412501e+00
4.964457029202759664e+00
4.988000012455160004e+00
4.995716348886235281e+00
4.931197668245821397e+00
4.918279904962841620e+00
4.958108179463925680e+00
5.028009150776686198e+00
5.097979924932666940e+00
5.052554544155870353e+00
5.017745043857401832e+00
4.984442623659083083e+00
5.050370233159234168e+00
5.059381568958425390e+00
5.005004374059563332e+00
5.075053821619313510e+00
5.050631551347514403e+00
5.025906642819220060e+00
4.971886370837480307e+00
5.015557156890154467e+00
5.039216632800691542e+00
5.063866561677890843e+00
5.041350839354315383e+00
4.976330811652942110e+00
4.954555915167468960e+00
4.997131197062314456e+00
3.991598437127776400e+00
3.989354013505777452e+00
3.989506565504504998e+00
3.997041491701578408e+00
4.018351495563448061e+00
4.023222716752529848e+00
3.999725192958041298e+00
3.999416327875120913e+00
4.000117388073679336e+00
4.001115500445032502e+00
4.004274435807539056e+00
4.051840581480283809e+00
4.116510197394021908e+00
4.110541133004882219e+00
4.117946436136513455e+00
4.049611379909007880e+00
4.024920284516129598e+00
4.026655129328579719e+00
4.032939657510888232e+00
4.014548973189044467e+00
4.010024934875454861e+00
4.007882357435662790e+00
4.006804168930083954e+00
4.000006860231049011e+00
4.005174881775331208e+00
3.997854292161837186e+00
4.009973603177485302e+00
4.020734251571593809e+00
4.024152509786146581e+00
4.022680244537451877e+00
4.021981729084793677e+00
4.008200528541761898e+00
3.997730435278382899e+00
4.004191238928438423e+00
4.005923023165875563e+00
3.998284689880966525e+00
4.003241694865034006e+00
4.050750168436395349e+00
4.105280070490024968e+00
4.042382935504953423e+00
3.142146507069490724e+00
3.024577099580322059e+00
2.990198762764797902e+00
2.970049322726041829e+00
2.996268150817684273e+00
2.996268150817684273e+00
3.045691456747086079e+00
3.098209895519812740e+00
3.044385649550404249e+00
3.040698827897196033e+00
2.985469751338358790e+00
3.018508566485018196e+00
3.046841966589396211e+00
3.039255389381660510e+00
3.002448920218145467e+00
3.021143306757552605e+00
2.985585783694166828e+00
2.951145785136463751e+00
2.978528264301993911e+00
2.976936749196496201e+00
3.012658645427630066e+00
2.939076653892536584e+00
2.966559654571891524e+00
2.918805655038510416e+00
2.900486354790623889e+00
2.915259377506924210e+00
2.949059344711058905e+00
3.010968873916458399e+00
3.002604630213675740e+00
3.055196792942212358e+00
3.078735612466545923e+00
3.160526547939087383e+00
3.105569968602779785e+00
3.097192771851322579e+00
3.097832190503841954e+00
3.064564518647808544e+00
2.982056392142749424e+00
2.879374104148336944e+00
2.822834515131649624e+00
2.728580821909782461e+00
2.044571477523138725e+00
2.033889287649182531e+00
2.039398067428125128e+00
2.026873430081693961e+00
2.014943546094221549e+00
2.013740945588017972e+00
1.991447811420127056e+00
2.003675593109714104e+00
2.017388635152524756e+00
2.007321937550976987e+00
2.004833534821584884e+00
2.000055966807020358e+00
2.007600151754468598e+00
2.000388274096779107e+00
1.988610107344325861e+00
1.975591628012447032e+00
1.972794518127308105e+00
1.965518283113724785e+00
1.941420697070875168e+00
1.943627548208899825e+00
1.968780195025233049e+00
1.995318733652626797e+00
1.994586239825318685e+00
1.993296704867184133e+00
2.013475887431212641e+00
2.026700766770284545e+00
1.988322864224167930e+00
1.962781974773641913e+00
1.989477737589776307e+00
1.951578261493162714e+00
1.929023148256602038e+00
1.969271526672871531e+00
2.036917961658392340e+00
2.086597528791344747e+00
2.122258630224623133e+00
2.191272301667019029e+00
2.119116707830849933e+00
2.065941686758532292e+00
2.009698542425342627e+00
1.979203755210205973e+00
1.604410724893011952e+00
1.256542217609866618e+00
1.141208139595548676e+00
1.092647316811401481e+00
1.021629704123933058e+00
1.021629704123933058e+00
1.021629704123933058e+00
1.021629704123933058e+00
1.021629704123933058e+00
1.045385795928939432e+00
1.113159791359264794e+00
1.113159791359264794e+00
1.113159791359264794e+00
1.113159791359264794e+00
1.037125814771430621e+00
9.652378182815516405e-01
9.973344120669912494e-01
1.042645675532410054e+00
1.042645675532410054e+00
1.042645675532410054e+00
1.042645675532410054e+00
1.042645675532410054e+00
1.018930962363518766e+00
1.026152657228510234e+00
9.132957161616600539e-01
9.630341497762994196e-01
1.042645675532410054e+00
1.040319726873393691e+00
1.042645675532410054e+00
1.023755773782673906e+00
9.132957161616600539e-01
9.132957161616600539e-01
9.132957161616600539e-01
9.132957161616600539e-01
9.918801111400717962e-01
9.991848263551580400e-01
1.008927388068349140e+00
1.182730507479847759e+00
1.180140574460206260e+00
1.172222972968345100e+00
