4.998160488566133708e+00
5.019723617631800749e+00
5.021803051011096919e+00
5.016467706338588073e+00
4.991855951551506188e+00
5.006904292070885276e+00
4.980231458621426910e+00
5.006896056497071257e+00
5.025406045036434399e+00
5.022391473341362378e+00
5.017380108105431447e+00
5.018029579570512766e+00
4.977502377459896543e+00
4.971358827137297709e+00
4.976838056219286877e+00
4.928766214116192756e+00
4.912448300342608931e+00
4.934602833026934476e+00
4.895207436923954880e+00
4.889544992976009752e+00
4.904912484239321913e+00
4.941253790839245319e+00
4.980872012504937274e+00
4.968876812762630379e+00
4.988267049795022778e+00
4.946085891979506322e+00
4.979208927993409972e+00
4.980866040906948733e+00
4.951732956798445606e+00
4.987543959483628164e+00
4.975730402495226024e+00
4.960599218030738555e+00
4.934191940610242355e+00
4.941258519736199339e+00
4.997515279337255478e+00
5.019081915177392439e+00
4.993124365256963237e+00
4.985314566473289410e+00
4.966797371777873948e+00
4.990882158573700877e+00
3.968200434807968247e+00
3.967580907582742178e+00
3.968651180506832077e+00
3.969390351553003349e+00
3.969641079839603126e+00
3.970825531793012786e+00
3.975962211090782183e+00
3.974808214593728461e+00
3.977030238711197097e+00
3.985286849298741885e+00
3.990680988024275955e+00
4.027022467445213749e+00
4.052651965845435633e+00
4.057004483128617167e+00
4.057808768795422516e+00
4.024690197893440846e+00
3.991844171255203744e+00
3.996876879787738535e+00
4.000812364470791138e+00
3.989760288836386781e+00
3.984417335813057459e+00
3.977342778474159513e+00
3.974387962855751688e+00
3.973503496064058282e+00
3.971842099476591059e+00
3.975039069828515181e+00
3.975301586459557779e+00
3.969589628457432351e+00
3.969228844031192249e+00
3.969331278229682791e+00
3.968870948672210464e+00
3.969745711738074334e+00
3.972607726031640585e+00
3.975153024286266046e+00
3.983379657282621000e+00
3.994129573523879095e+00
4.018926598040887477e+00
4.135150832182634240e+00
3.862179734719239477e+00
3.556563114230433253e+00
3.100631889225388349e+00
2.949932425432747252e+00
2.918414113415399580e+00
2.892437176180931768e+00
2.926493081013677333e+00
2.926493081013677333e+00
2.994409325054355975e+00
3.064414583940213710e+00
3.002026249332708563e+00
3.015861750044605660e+00
2.947180916313616006e+00
2.963989161406557660e+00
2.999390269565839873e+00
2.989882359192226779e+00
2.944046210935971963e+00
2.967269101568219991e+00
2.922659430225635013e+00
2.880048936849792796e+00
2.918671253571712754e+00
2.928573392200200409e+00
3.004329312694853815e+00
2.944382468143730502e+00
2.993676123319293669e+00
2.953394111154900692e+00
2.917415101647538034e+00
2.910087902199217424e+00
2.951772152198687049e+00
3.021380586198680884e+00
3.021791424124878223e+00
3.083427953177050984e+00
3.094544454354249741e+00
3.195993240272228864e+00
3.155033007511852894e+00
3.150636917535989845e+00
3.149415166550781020e+00
3.169847356700143948e+00
3.087525738056213775e+00
2.944330642618834926e+00
2.884425031466348432e+00
2.772014117261983213e+00
2.113540245529163197e+00
2.083349352811198596e+00
2.094997191826029947e+00
2.092497582067762263e+00
2.076398247445673917e+00
2.071290108266803820e+00
2.050687262336466699e+00
2.054874812347377233e+00
2.071094395021553680e+00
2.069532968810907203e+00
2.054349287959392090e+00
2.041721255457987994e+00
2.038454964868248176e+00
2.033390132680663154e+00
2.029285460876134373e+00
2.014677598516667167e+00
1.996857533011688002e+00
1.963866996444793678e+00
1.944000630379348227e+00
1.936995525090650538e+00
1.937111254947140315e+00
1.953664010533771700e+00
1.950201958821361714e+00
1.946488470492672151e+00
1.961668135786239109e+00
1.990231628663130747e+00
2.004953898739757268e+00
1.995909747592374828e+00
1.997803000809503127e+00
2.020445499187104144e+00
2.088873168647963574e+00
2.107417572317760168e+00
2.185489188031055185e+00
2.214924633358938078e+00
2.263463313108805774e+00
2.158733650349151212e+00
1.989462114743842935e+00
2.006626739109172330e+00
2.055142014398795514e+00
1.980432416074541679e+00
1.578410135205001730e+00
1.244374451402793458e+00
1.125538988815800723e+00
1.071639414097248943e+00
9.856146174213790134e-01
9.856146174213790134e-01
9.856146174213790134e-01
9.856146174213790134e-01
9.856146174213790134e-01
1.035226803592648848e+00
1.153817215371206073e+00
1.153817215371206073e+00
1.153817215371206073e+00
1.153817215371206073e+00
1.018578774886634841e+00
9.075540168339361058e-01
9.539387853688636731e-01
1.013307237017476714e+00
1.013307237017476714e+00
1.013307237017476714e+00
1.013307237017476714e+00
1.013307237017476714e+00
1.010037639627227479e+00
1.011010730304435778e+00
9.976966667271250921e-01
1.003105062339659126e+00
1.013307237017476714e+00
1.012976939293775080e+00
1.013307237017476714e+00
1.010685625103376450e+00
9.976966667271250921e-01
9.976966667271250921e-01
9.976966667271250921e-01
9.976966667271250921e-01
1.093386632756317312e+00
1.102090771331728059e+00
1.112403942198050943e+00
1.273570527458057322e+00
1.262466454020219508e+00
1.134630709225131762e+00
