4.346692153353044041e+00
4.348012121127961649e+00
4.347723680462285856e+00
4.346963384524263674e+00
4.346999341137296469e+00
4.350756088317144332e+00
4.348778914802285733e+00
4.351637473696863267e+00
4.353110024275042456e+00
4.352790689407106228e+00
4.352318922248244348e+00
4.352654796986862529e+00
4.350937936860628241e+00
4.351439783147894147e+00
4.350069284754624732e+00
4.342422400863824805e+00
4.330790971516716326e+00
4.342283440030673347e+00
4.336488158843209817e+00
4.335933236528306089e+00
4.336633559131600535e+00
4.341865029802368880e+00
4.347189088046070182e+00
4.347112635373149736e+00
4.350836445514845607e+00
4.346133403025211450e+00
4.350225443117388124e+00
4.351214817121130451e+00
4.348992095166937411e+00
4.351117432806100638e+00
4.349433138738452165e+00
4.348558505803079122e+00
4.346415461188624541e+00
4.342776473301998230e+00
4.350671583707974577e+00
4.352427546065133157e+00
4.351704798287389764e+00
4.352298150378020480e+00
4.351170079581079264e+00
4.350915166672466583e+00
4.354241145232315979e+00
4.354241146667604312e+00
4.354241147311746829e+00
4.354241147309323878e+00
4.354241147261085132e+00
4.354241147324884764e+00
4.354241147384557031e+00
4.354241147380307098e+00
4.354241147231132203e+00
4.354241140847861402e+00
4.354241029342849068e+00
4.354235131355031818e+00
4.354163017809529634e+00
4.354022743868231515e+00
4.353578447970445353e+00
4.353916735329203647e+00
4.337441790195129876e+00
4.345846799443746633e+00
4.353523436292183746e+00
4.354225897842546544e+00
4.354239241003767802e+00
4.354240970839090785e+00
4.354241020312469068e+00
4.354241111350233950e+00
4.354241138671625322e+00
4.354241144158443433e+00
4.354241146530521078e+00
4.354241147256947109e+00
4.354241147046430171e+00
4.354241147020125879e+00
4.354241146368565296e+00
4.354241140218395145e+00
4.354241098374963315e+00
4.354240988093228459e+00
4.354239438678483509e+00
4.354229561341330879e+00
4.352207570253762370e+00
4.028915907537070851e+00
1.763023076539023348e+00
1.504079396319506268e+00
2.933864295694447399e+00
2.391439518348064119e+00
2.516052113918697763e+00
2.450612734284049132e+00
2.556896422145882308e+00
2.556896422145882308e+00
2.998107732093490352e+00
3.350408622535029579e+00
3.202846389100511004e+00
3.448138270908563729e+00
3.181195714376788608e+00
2.964878945958209222e+00
3.098985501816814647e+00
3.062615238067201151e+00
2.891286419745531688e+00
2.977134872144628908e+00
2.814068331428899228e+00
2.613814145668514666e+00
2.648385406071735559e+00
2.429826371354253389e+00
2.974422473519436672e+00
2.827737759762253944e+00
2.677038451754268245e+00
2.494865225331695413e+00
2.281106294094943365e+00
2.147044193803439693e+00
2.291702910302933383e+00
2.555376699734001722e+00
2.399115230656781783e+00
2.755029268321484093e+00
2.724528912874947473e+00
3.291706559592729064e+00
3.303943228377915542e+00
3.325453563606473928e+00
3.356064458568508435e+00
3.909293551543084000e+00
3.613189571063445626e+00
3.126000107337405076e+00
3.051064349597884640e+00
2.806007955478341032e+00
1.497847385673301446e+00
1.497847382411624517e+00
1.497847382419231765e+00
1.497847382452260012e+00
1.497847382387862858e+00
1.497847382407257566e+00
1.497847382380631753e+00
1.497847382591596554e+00
1.497847400545803120e+00
1.497847473723366019e+00
1.497847384559117812e+00
1.497847383611896399e+00
1.497847384617200683e+00
1.497847416310341684e+00
1.497847444833074082e+00
1.497847437757279909e+00
1.497847405283080802e+00
1.497847382937596450e+00
1.497847382377291980e+00
1.497847382355364410e+00
1.497847382406725103e+00
1.497847383147135281e+00
1.497847383166007962e+00
1.497847382945162176e+00
1.497847385406689824e+00
1.497847402239147918e+00
1.497847554674994308e+00
1.497847521106293156e+00
1.497847490001619652e+00
1.497847941652300507e+00
1.497855947496058215e+00
1.497861538572373030e+00
1.497895199840338032e+00
1.497944176264910610e+00
1.498171320483594027e+00
1.498042624825075109e+00
1.497894239715406695e+00
1.499897951130107154e+00
1.504586621348095399e+00
1.504828608493428144e+00
1.753358932218718635e+00
1.601190079740177685e+00
1.571301437326726891e+00
1.560482789553742755e+00
1.546087037989823276e+00
1.546087037989823276e+00
1.546087037989823276e+00
1.546087037989823276e+00
1.546087037989823276e+00
1.560571174684434403e+00
1.612805880388880286e+00
1.612805880388880286e+00
1.612805880388880286e+00
1.612805880388880286e+00
1.555323749152121016e+00
1.535590507360838242e+00
1.553285924095375803e+00
1.573732841379078096e+00
1.573732841379078096e+00
1.573732841379078096e+00
1.573732841379078096e+00
1.573732841379078096e+00
1.580964746776133634e+00
1.578727668078992119e+00
1.617148644544521785e+00
1.599302028208142934e+00
1.573732841379078096e+00
1.574427576565792686e+00
1.573732841379078096e+00
1.579466788852403436e+00
1.617148644544521785e+00
1.617148644544521785e+00
1.617148644544521785e+00
1.617148644544521785e+00
1.698944141647445782e+00
1.708112376777297436e+00
1.718783553445262235e+00
1.961892580200291114e+00
1.948692763637255521e+00
1.818026573237599974e+00
