4.979380484398885365e+00
5.021973783293463889e+00
5.022731227629088302e+00
5.016185094579392434e+00
5.003234838839664356e+00
5.020022001237351539e+00
4.986377141717505346e+00
5.011338466432293970e+00
5.022954434977882521e+00
5.020167641540598247e+00
5.014961236073018469e+00
5.014456619093353495e+00
4.959445501993097416e+00
4.946653147288480490e+00
4.964374984366739518e+00
4.912640566360077621e+00
4.904648577104070206e+00
4.921591962378749407e+00
4.881598180078373872e+00
4.874188538894719258e+00
4.892105483085793516e+00
4.932071183187376917e+00
4.973729939354931240e+00
4.955372079699800203e+00
4.960903759196347629e+00
4.924513632823698472e+00
4.960191848479258425e+00
4.962598105440290119e+00
4.924973822564481019e+00
4.964402532762724363e+00
4.953255809587815861e+00
4.942963940203403794e+00
4.906060367051358284e+00
4.920702885286751815e+00
4.964986975951631187e+00
4.983626539673787548e+00
4.957045642868924240e+00
4.942424455846154530e+00
4.923638706600487858e+00
4.953078862770534663e+00
3.953167166089539553e+00
3.952715933189433262e+00
3.955554582546607190e+00
3.959623482988662957e+00
3.966735947397451501e+00
3.968200286509449448e+00
3.967519590286575859e+00
3.968236740013142860e+00
3.970005696814258744e+00
3.970801160267840579e+00
3.971274951735046077e+00
3.970333339429631625e+00
3.969345064691827574e+00
3.970012965061180399e+00
3.969349044537926918e+00
3.971020952831862072e+00
3.972032823827827297e+00
3.971882265932156209e+00
3.971212707007564013e+00
3.971124536476846600e+00
3.970319183647327055e+00
3.969116280515452289e+00
3.967744099018715609e+00
3.965417264217664162e+00
3.965139845039067357e+00
3.965251480767482128e+00
3.967923913624742394e+00
3.970659692415560382e+00
3.971391671060144013e+00
3.971487352617966149e+00
3.971444343285042589e+00
3.971334743549742807e+00
3.971161620073785148e+00
3.971091191523736352e+00
3.970438758085562458e+00
3.968700964518812491e+00
3.962980035923532096e+00
3.937304127312610369e+00
3.868918033443059734e+00
3.663650692419784693e+00
3.121522454402106295e+00
3.003195724295681934e+00
2.965635823826612949e+00
2.943469817588095339e+00
2.970967790994883284e+00
2.970967790994883284e+00
3.013759794487705701e+00
3.066904244998416296e+00
3.012165149605452452e+00
3.016641219440214350e+00
2.959277225095982455e+00
2.984916309359728182e+00
3.013975621270696070e+00
3.006188656797264880e+00
2.968464349486196863e+00
2.987616355388217126e+00
2.950592968662367976e+00
2.903128434079878861e+00
2.929566096818382981e+00
2.928325063693939523e+00
2.981040528701055514e+00
2.911512219353226794e+00
2.949076048283318041e+00
2.903652813285327650e+00
2.870223038825983508e+00
2.870550588004874282e+00
2.908609595841941786e+00
2.977100784476987005e+00
2.971190899670582919e+00
3.025863282451535241e+00
3.048172718134830816e+00
3.146308948337121159e+00
3.095793817800150727e+00
3.089776012864560162e+00
3.089876295613471768e+00
3.079084695401066440e+00
2.987164296914480044e+00
2.864961577123736891e+00
2.804457193011501204e+00
2.710527165781291270e+00
2.095276364244657685e+00
2.034527850252446424e+00
2.038921491411690656e+00
2.042706877060582293e+00
2.015984589283176920e+00
2.011526365547945616e+00
1.998165640249798924e+00
2.003867811667507937e+00
2.035114289088529205e+00
2.045001156793054609e+00
2.010554948143052023e+00
1.999971284303625696e+00
1.998413250482364178e+00
1.998900453949364664e+00
1.981321788265633765e+00
1.966863696083531732e+00
1.937210331340038838e+00
1.902619670361759052e+00
1.893399833253745390e+00
1.889619838918600969e+00
1.889323347512820828e+00
1.913303902730846717e+00
1.916443512572348462e+00
1.906451409125014207e+00
1.942572265210210425e+00
1.985468718499437957e+00
1.952523659480970730e+00
1.977587834308050629e+00
1.985442261126575181e+00
2.003295148271307724e+00
2.057847830307327541e+00
2.087594552320099162e+00
2.133014544188791106e+00
2.157033062541009905e+00
2.194443695632282587e+00
2.155486354445302677e+00
1.997564762839117991e+00
1.904573544799718965e+00
1.898386760423484754e+00
1.861261046415975562e+00
1.656235641620292798e+00
1.305288522403757590e+00
1.182083368576319460e+00
1.127212719418867692e+00
1.041485526930289618e+00
1.041485526930289618e+00
1.041485526930289618e+00
1.041485526930289618e+00
1.041485526930289618e+00
1.064270558460897353e+00
1.117761179697835505e+00
1.117761179697835505e+00
1.117761179697835505e+00
1.117761179697835505e+00
1.056659263678632277e+00
9.661398095758300109e-01
9.620318411297521521e-01
9.890682117019313768e-01
9.890682117019313768e-01
9.890682117019313768e-01
9.890682117019313768e-01
9.890682117019313768e-01
9.883552940831505929e-01
9.885723532288304138e-01
9.852052122736063566e-01
9.866809798079352323e-01
9.890682117019313768e-01
9.889982862408358555e-01
9.890682117019313768e-01
9.885003028217571597e-01
9.852052122736063566e-01
9.852052122736063566e-01
9.852052122736063566e-01
9.852052122736063566e-01
1.115176638993929492e+00
1.126723531220901187e+00
1.131517862067895175e+00
1.206339454245475062e+00
1.196846261847251514e+00
1.091270961936880335e+00
