3.014302722415874047e+00
3.014221637848655710e+00
3.014195124108179247e+00
3.014077964571506563e+00
3.013872775303697349e+00
3.013859913525007705e+00
3.014005656199691963e+00
3.014023186628063122e+00
3.014048937027953734e+00
3.014026491762014981e+00
3.014049372816716588e+00
3.014167575295630730e+00
3.014165096143136768e+00
3.014204249831699212e+00
3.014224009141073690e+00
3.014154213776369495e+00
3.014095468089860841e+00
3.014041290563201692e+00
3.013979136547118465e+00
3.014041809170507680e+00
3.014181649728688850e+00
3.014113639680117362e+00
3.014164147454185372e+00
3.014164141120923013e+00
3.014183349608078100e+00
3.014240410130003767e+00
3.014266605680847810e+00
3.014317276228873244e+00
3.014418601712688606e+00
3.014462701923934063e+00
3.014415888324303072e+00
3.014383037682227595e+00
3.014339850007719868e+00
3.014402697391274533e+00
3.014514286245673080e+00
3.014509531044054835e+00
3.014525618154178854e+00
3.014560732965202661e+00
3.014507733442872262e+00
3.014466467598686528e+00
3.014564736488866359e+00
3.014557020960168199e+00
3.014555788503555434e+00
3.014554380922242149e+00
3.014560390929070355e+00
3.014548132975588324e+00
3.014543531289802125e+00
3.014540102938433996e+00
3.014532185910772100e+00
3.014520665849147907e+00
3.014532324471931091e+00
3.014535725767001573e+00
3.014533089244475939e+00
3.014546112062915562e+00
3.014560161391616866e+00
3.014572723262323617e+00
3.014568449904931668e+00
3.014576020207555551e+00
3.014582309805762250e+00
3.014584255316451689e+00
3.014574957036572744e+00
3.014585723547877905e+00
3.014598645611469063e+00
3.014594123807731396e+00
3.014601034176944694e+00
3.014607824800898506e+00
3.014607092612871853e+00
3.014592714650881078e+00
3.014592263255246873e+00
3.014587797549201031e+00
3.014577964103451357e+00
3.014567137909683225e+00
3.014561518384196503e+00
3.014564270176627314e+00
3.014563144127718086e+00
3.014549968665987567e+00
3.014559479457394886e+00
3.014571221241848065e+00
3.014573920001883511e+00
3.014580936265456756e+00
3.014702581653164959e+00
3.014783103538480891e+00
3.014851037597524819e+00
3.014903371467626769e+00
3.014948906649535854e+00
3.014988278528033305e+00
3.015009891644757190e+00
3.015028006700803065e+00
3.015032947365773985e+00
3.015019762619017385e+00
3.015004824862496324e+00
3.014994167125867541e+00
3.014992030905271569e+00
3.014991294982874326e+00
3.014980634174696750e+00
3.014957486694612054e+00
3.014952293385132709e+00
3.014956351567020132e+00
3.014963829121040551e+00
3.014960372592104143e+00